-2.524703067464667470e+02
-2.520801531995891196e+02
-2.134447956366244341e+02
-2.518562521832311063e+02
-2.313083787479885416e+02
-1.985147282471782546e+02
-2.266556021255598807e+02
-2.037769597527992858e+02
-2.004590154465387570e+02
-1.847715822560734864e+02
-1.731922236890083866e+02
-1.797123746145193763e+02
-1.748902256429870761e+02
-1.661847465910938695e+02
-1.614217107607589128e+02
-1.570460788124627527e+02
-1.506415615983987664e+02
-1.493965471252999464e+02
-1.469511140995341805e+02
-1.438055279683599395e+02
-1.410117450059452153e+02
-1.414782354262432023e+02
-1.376715397522864919e+02
-1.368221050479377254e+02
-1.326191090169209303e+02
-1.323294539530533314e+02
-1.286136545247372283e+02
-1.278785152099461868e+02
-1.307159928947804133e+02
-1.287877609959878953e+02
-1.257588114286669310e+02
-1.233280482261418740e+02
-1.275729143148838034e+02
-1.254942638381787248e+02
-1.249517512523374592e+02
-1.245190440357476831e+02
-1.224436179418388946e+02
-1.272708439590643650e+02
-1.249803248957904032e+02
-1.240083011244801128e+02
-1.226335909269414230e+02
-1.204871512052435776e+02
-1.181238284872794537e+02
-1.175776959615410391e+02
-1.158130258153481122e+02
-1.144342118025847412e+02
-1.125741653580807906e+02
-1.110579863334666726e+02
-1.095511326478590064e+02
-1.076475020615983453e+02
-1.073627970807154099e+02
-1.064620732484762442e+02
-1.046952663909694934e+02
-1.038030819000227325e+02
-1.035583078677072137e+02
-1.020390370066230901e+02
-1.013266071801987636e+02
-9.982697684610219824e+01
-9.840313972080950577e+01
-9.731781120721230138e+01
-9.561687258906776776e+01
-9.530183411513262115e+01
-9.415383925044467617e+01
-9.318542426506250820e+01
-9.264328092816381854e+01
-9.154032885686278576e+01
-9.131928512824850941e+01
-9.100714963633964771e+01
-9.011294864048772979e+01
-8.956547020379113633e+01
-8.883495538582423023e+01
-8.839443245370631530e+01
-8.755815875391662928e+01
-8.673223242453697424e+01
-8.665189576254425674e+01
-9.610635210391754413e+01
-9.578675560297443781e+01
-9.638086394171081395e+01
-9.526002022491496746e+01
-9.428318054733816211e+01
-9.364092278135449021e+01
-9.340273814690279153e+01
-9.549755149800380138e+01
-9.527452833804434817e+01
-9.453870364479404031e+01
-9.348026018661826697e+01
-9.355193231943270860e+01
-9.294751405231122021e+01
-9.267802362548083295e+01
-9.293672094791028826e+01
-9.319794285374921117e+01
-9.273325357338693209e+01
-9.230699983049382240e+01
-9.144325333913346299e+01
-9.093172453192937610e+01
-9.009387254321738681e+01
-8.960231702333639703e+01
-8.928343676641421212e+01
-8.910393212504699534e+01
-8.942292337894399168e+01
-8.782375020561543977e+01
-8.575219523440546254e+01
-8.449192989930428155e+01
-8.270995823848676309e+01
-8.113640822810666009e+01
-8.129122537537556070e+01
-7.824496189877402230e+01
-7.857857685189082986e+01
-7.736853887539618313e+01
-7.700622708654181281e+01
-7.846495900828415415e+01
-7.664976536511056793e+01
-7.542924770876886953e+01
-7.515573892955283952e+01
-7.431168127044402638e+01
-7.385107530822914157e+01
-7.379678268825128384e+01
-7.282541336580489144e+01
-7.221606439245314846e+01
-7.181118112355451899e+01
-7.142167320084965354e+01
-7.068765501123502304e+01
-7.377592583068293663e+01
-7.346490981213702298e+01
-7.630767314617538943e+01
-7.578975887632329034e+01
-7.587984311190768949e+01
-7.574305188471993233e+01
-7.398088233967810368e+01
-7.353905017821179513e+01
-7.390743766707625184e+01
-7.369795291011638483e+01
-7.114620107705964358e+01
-7.106301941834426827e+01
-7.001605732712076247e+01
-6.953389507881591669e+01
-6.837007674356591735e+01
-6.589696911537780011e+01
-6.677134963081134345e+01
-6.694283302805597202e+01
-6.684528201835874484e+01
-6.743234047634663852e+01
-6.731013446732116279e+01
-6.620302779590140574e+01
-6.637883104081073782e+01
-6.373218236295858219e+01
-6.423745030595461003e+01
-6.424533432592420468e+01
-6.225414148914591550e+01
-6.184735211684137823e+01
-6.205849330776554496e+01
-6.144104748809516536e+01
-6.326284476764797660e+01
-6.401946408652483456e+01
-6.379105418859890619e+01
-6.429629783019719014e+01
-6.364473442808791503e+01
-6.102899623931021722e+01
-6.193955155981040406e+01
-6.004036852122033707e+01
-5.877430838331594032e+01
-5.904710112264330490e+01
-6.030971319159274913e+01
-5.908605322339836619e+01
-5.893550688646620728e+01
-5.658801981239344769e+01
-5.635236583634026175e+01
-5.599892117345132903e+01
-5.416744511047827615e+01
-5.276272358876246216e+01
-4.983697971777416313e+01
-4.998697915866887342e+01
-4.989639636022219094e+01
-4.737591522883788286e+01
-4.447635726273649226e+01
-3.727448363368984019e+01
-3.678211524180027681e+01
-3.620946820424526891e+01
-3.396792043570282260e+01
-3.393664944366906155e+01
-3.099540738269292817e+01
-3.049789379637162767e+01
-2.791921883394950399e+01
-2.732701525740138848e+01
-2.548025279886093486e+01
-2.372096340978583484e+01
-2.027605798770272827e+01
-1.766927156761685325e+01
-1.449916855726799447e+01
-1.239506610554654387e+01
-8.619678064139344897e+00
-5.685023561461666652e+00
-3.796605226352180562e+00
-1.303492187931690527e+00
1.577598821356577696e+00
3.565567593410343239e+00
6.406019039653984670e+00
9.834091250335779577e+00
1.316957610771585685e+01
1.514460203844449104e+01
1.686516627707905513e+01
1.580201743904086875e+01
1.638763274184964303e+01
2.060720813053873357e+01
2.309159669617271149e+01
2.620350834312543142e+01
2.732965542913443713e+01
3.066464634035533976e+01
3.365655225818590424e+01
3.615187710133447752e+01
4.080282521858552514e+01
4.409012551022820503e+01
4.630179222942651052e+01
4.913835492054577259e+01
5.168719899665303075e+01
5.371228236916846299e+01
5.698414159786174338e+01
5.885200590926822883e+01
5.830188596603970552e+01
6.164571691495297046e+01
6.463053585651498167e+01
6.633003650618337588e+01
7.252795577755004786e+01
7.559326915839753269e+01
8.118372456233288403e+01
8.449220598893869294e+01
8.499969429591386927e+01
8.881963820023933920e+01
9.171439696916520745e+01
9.446721797597597003e+01
9.713213950925370455e+01
9.993699259971191395e+01
1.026197215929201718e+02
1.059052257634852623e+02
1.061876051573856046e+02
1.089821663626723591e+02
1.106698671005234758e+02
1.140710795940673847e+02
1.177395756051003275e+02
1.202504089920041110e+02
1.233825851611891693e+02
1.271316317350509593e+02
1.300454772160102834e+02
1.323250325568509425e+02
1.356417927295824768e+02
1.313416694246212444e+02
1.338538887646703870e+02
1.314638885648067230e+02
1.322550156119721692e+02
1.345252562381228643e+02
1.378898037261852494e+02
1.399295270428033007e+02
1.423527049806134244e+02
1.461093019608106829e+02
1.490844865621285749e+02
1.494004950760489407e+02
1.521353282210324380e+02
1.488046805357680284e+02
1.520445518141088144e+02
1.506758505664125494e+02
1.517643817390781180e+02
1.551806661134062892e+02
1.586501406920989723e+02
1.602386286970655647e+02
1.630939862444179482e+02
1.635490374471540349e+02
1.662428708016352061e+02
1.694607617322752162e+02
1.701911587353445725e+02
1.717953433900464404e+02
1.715015363043808918e+02
1.747482242480402306e+02
1.776490001627719266e+02
1.781200419252747338e+02
1.756156037727063222e+02
1.789337029721097849e+02
1.804121074397903328e+02
1.836275205475332655e+02
1.840014228488421111e+02
1.870339004147178628e+02
1.869047095002928529e+02
1.867283597967861226e+02
1.895087981434560334e+02
1.921242262984950742e+02
1.925265099313646431e+02
1.932602032575562134e+02
1.935680617412559457e+02
1.937109992402064051e+02
1.918268815123375077e+02
1.929322187285302164e+02
1.924363566663489564e+02
1.917733237148099192e+02
1.933083590015997402e+02
1.922452478463693240e+02
1.926812773113805122e+02
1.932794977281376134e+02
1.934083235054558827e+02
1.928244626919590132e+02
1.928435258874094416e+02
1.947569839981146913e+02
1.963862819068964427e+02
2.004795957380210893e+02
2.022282368065940261e+02
2.025935276137825838e+02
2.027721484882666516e+02
2.027382982336936266e+02
2.052427209198447144e+02
2.053503269012610986e+02
2.056405043381212465e+02
1.995466576698001120e+02
1.995325759047879899e+02
1.996342737262807816e+02
2.000667708372067466e+02
1.974124788826719623e+02
1.973889013095393636e+02
1.984633044243333586e+02
1.982823237599566824e+02
1.994797902175144486e+02
2.014015168503311770e+02
2.013296171365282135e+02
2.013191575921356957e+02
2.030926649357431586e+02
2.030021457983436903e+02
2.036417527576352597e+02
2.036887073440149152e+02
2.031330356204031773e+02
2.023707863745011934e+02
2.018015863018472373e+02
2.016763895714172747e+02
1.990971067249222415e+02
1.995378169334249492e+02
1.994737471247608198e+02
1.992309681927432621e+02
1.991561708135767788e+02
2.014325603569035366e+02
2.012983699176150196e+02
2.012783098694782780e+02
2.009196826032298873e+02
2.010837484036158287e+02
2.012465181330587711e+02
2.015346319014517462e+02
1.958582234599518017e+02
1.957696200310983841e+02
1.960355852799797844e+02
1.956470188891095177e+02
1.995768848118832466e+02
2.000541167093617787e+02
2.052895013707829719e+02
2.050911998808785484e+02
2.047794397294642579e+02
2.025540608763472790e+02
2.035204008542120846e+02
2.057977176664275021e+02
2.063739002361169241e+02
2.069472702197360547e+02
2.097816731437585247e+02
2.091485298510123982e+02
2.126756488833450476e+02
2.128108391424876515e+02
2.150671239928151408e+02
2.152233435416137866e+02
2.157768840396275607e+02
2.124626709000430367e+02
2.122646633912967502e+02
2.123861708278209051e+02
2.124224248845895318e+02
2.120948763470240124e+02
2.113988195900037397e+02
2.109881010228680225e+02
2.108958304799904795e+02
2.116066425183732918e+02
2.118689061949150982e+02
2.122301062175890820e+02
2.123554067666174205e+02
2.155866679642724080e+02
2.159086664407512615e+02
2.173744176526004139e+02
2.175882099827963145e+02
2.178287821779224487e+02
2.143542144835497254e+02
2.147254800938386552e+02
2.179494360033882572e+02
2.157327277887268338e+02
2.158253325659893846e+02
2.164433111138311858e+02
2.170136348199661143e+02
2.167557165994251136e+02
2.148334073856706539e+02
2.143279085727477593e+02
2.146935982468095006e+02
2.155882172918790332e+02
2.162978290909769612e+02
2.161015965462274835e+02
2.175284840540499260e+02
2.176867973915693142e+02
2.180528100674324605e+02
2.177177722453022284e+02
2.173910679155061985e+02
2.176768369156649783e+02
2.165822500273976345e+02
2.166180504136199545e+02
2.164427920056449182e+02
2.165201147098452168e+02
2.161589928051978120e+02
2.161091234600397115e+02
2.164946955621654752e+02
2.167751456179578327e+02
2.166745273003348018e+02
2.166052393492923045e+02
2.223665671441519578e+02
2.211244500928454784e+02
2.209310189231862296e+02
2.210886122458367709e+02
2.222456234693623855e+02
2.224247153336080487e+02
2.222569636380467557e+02
2.217636668232547095e+02
2.212419562995873719e+02
2.202451682275076337e+02
2.201622816005512107e+02
2.205319881334883689e+02
2.205776540268909969e+02
2.206354385289209290e+02
2.205343541119086979e+02
2.204948332385245067e+02
2.210825885953588568e+02
2.218813180613155396e+02
2.220640559630257940e+02
2.224173210653850390e+02
2.248912093263535894e+02
2.248296475386546547e+02
2.247344614680198731e+02
2.250120384635705477e+02
2.246082583385239104e+02
2.250133796798616004e+02
2.253311785582114908e+02
2.258814955662063255e+02
2.260484177176120681e+02
2.259815242906973367e+02
2.267160760097505090e+02
2.263737175703419098e+02
2.321665243257767770e+02
2.314921344346848002e+02
2.319684354366427215e+02
2.322945944514095515e+02
2.330926164658236530e+02
2.330814452902019127e+02
2.310571774788437267e+02
2.316249939523736145e+02
2.320468004903346184e+02
2.349537581007849667e+02
2.346129997034269650e+02
2.343261534627606011e+02
2.340266050661742838e+02
2.308524088757615402e+02
2.281806958830401015e+02
2.285709534365201705e+02
2.260449556027312497e+02
2.265576694499022494e+02
2.265301013664154084e+02
2.267181186449269319e+02
2.261099326839982382e+02
2.298743538442643342e+02
2.299926573694847036e+02
2.297912704300443067e+02
2.295356243797940294e+02
2.303956866188290462e+02
2.312236464477850291e+02
2.321945388685155933e+02
2.300000399944183300e+02
2.297185522564978726e+02
2.296640233030826153e+02
2.290413709982221633e+02
2.288486345078684963e+02
2.286596248814848593e+02
2.288642143493094068e+02
2.276580634290649243e+02
2.276895266639544673e+02
2.275703363041372995e+02
2.305520220367827733e+02
2.307030350997921744e+02
2.305487908603181779e+02
2.329330836890811440e+02
2.329637348883174468e+02
2.330963042176849456e+02
2.299751240578895874e+02
2.292166064994024453e+02
2.280512012250830480e+02
2.305050254986252583e+02
2.307793508203155568e+02
2.305277388641261496e+02
2.309767595389284054e+02
2.282264186131861834e+02
2.282176466137647992e+02
2.253863589284646878e+02
2.248295445678758142e+02
2.235557882140589925e+02
2.213868142181354131e+02
2.210982075222977414e+02
2.218826307110738583e+02
