-2.913254517757231952e+02
-3.218673022832807646e+02
-3.168186860853272151e+02
-3.324301772644535617e+02
-3.392728787543800877e+02
-3.051624031777822665e+02
-2.959979574821646793e+02
-2.885284704622436038e+02
-2.881520767766261883e+02
-2.797626883652519609e+02
-2.742071056925167341e+02
-2.636847146142969791e+02
-2.576867259278213851e+02
-2.504690560416254073e+02
-2.437691410514107702e+02
-2.396929765781352444e+02
-2.420614921757251636e+02
-2.320741289869660591e+02
-2.270378139170961163e+02
-2.240218179615481802e+02
-2.240692922992495255e+02
-2.295352273670471561e+02
-2.312189781094189414e+02
-2.271474405077828749e+02
-2.236133598298897311e+02
-2.280745783214581763e+02
-2.229906487199084495e+02
-2.170460261728386229e+02
-2.108795185392165763e+02
-2.049770379013541231e+02
-2.051485933636917309e+02
-2.015479395884035227e+02
-1.991119685525015655e+02
-2.006185058639392196e+02
-2.045002954394634003e+02
-2.014192369322065588e+02
-2.007939662178828257e+02
-2.004768967609968229e+02
-2.008008184040795925e+02
-1.985357754854873633e+02
-1.981345035427893890e+02
-1.949159503424241393e+02
-1.919808539188747147e+02
-1.890635679384349999e+02
-1.852415171369508755e+02
-1.820597559620863422e+02
-1.796827035519810920e+02
-1.776300667754636891e+02
-1.848589777066320607e+02
-1.822200336540271053e+02
-1.790301041693306274e+02
-1.768421293141256285e+02
-1.753061018954431347e+02
-1.774595453657775863e+02
-1.747627605959448260e+02
-1.715028770308991284e+02
-1.652674721244468401e+02
-1.616140510918226596e+02
-1.558381526266938693e+02
-1.547817563436065029e+02
-1.518228469759542349e+02
-1.490083349062437890e+02
-1.544613858895946805e+02
-1.576198590145948515e+02
-1.557908812020083928e+02
-1.572136262450646313e+02
-1.575670344361257378e+02
-1.559792133262592699e+02
-1.528507917250975083e+02
-1.499189237349530686e+02
-1.450921021634615897e+02
-1.442790823818728541e+02
-1.424386784236735650e+02
-1.415098584084277320e+02
-1.389075359045164930e+02
-1.376966106230876221e+02
-1.366092884834175720e+02
-1.351968868695954598e+02
-1.340630182494064115e+02
-1.324513626804543094e+02
-1.322473518758908426e+02
-1.295454223789077446e+02
-1.284908482030289179e+02
-1.273558509652509514e+02
-1.266487113072929560e+02
-1.246844564784132245e+02
-1.244356337382756692e+02
-1.225605527129753085e+02
-1.181726990377626407e+02
-1.176159842878628439e+02
-1.166021546670336306e+02
-1.121864663964037447e+02
-1.131210961885569617e+02
-1.105630254022988197e+02
-1.064339562558288748e+02
-1.034994646217438827e+02
-1.029691580778433178e+02
-9.990851605448582973e+01
-9.900667970063457801e+01
-9.846782232778311084e+01
-9.551590889827612330e+01
-9.419914926349207462e+01
-8.895047836610930858e+01
-8.362605362552598365e+01
-7.781433970052259497e+01
-7.686795611223952562e+01
-7.194183285173113518e+01
-6.751414145409586354e+01
-6.236126593106759231e+01
-5.812779195221128248e+01
-5.338155758915035420e+01
-4.947363586649479572e+01
-4.729723937637385234e+01
-4.581423042982379457e+01
-4.452581387045710670e+01
-4.207296638320651994e+01
-3.673873262847480703e+01
-3.612254642659370774e+01
-3.692756108679520821e+01
-3.522178227672458206e+01
-3.034343290272108362e+01
-2.409602355677948182e+01
-1.906784089406120586e+01
-1.502486187792389494e+01
-1.087192696303027262e+01
-4.860976917697784394e+00
-6.633491023766464600e+00
-8.571967191918806961e+00
-5.727199219388906748e+00
-3.015773565762625452e+00
1.225231183394344558e+00
3.491885353449907914e+00
6.917665458411018875e+00
8.815456240560710199e+00
1.486071130595844281e+01
1.760363428279994480e+01
1.841338458634560382e+01
2.005708708511664540e+01
2.160472426309462080e+01
2.526847320232614535e+01
2.912216018065943501e+01
3.195224924799729749e+01
3.462928801886997121e+01
3.782617127745294994e+01
3.527483732370546221e+01
3.412812975821292838e+01
3.600637783456397756e+01
3.493407398572826139e+01
4.255877600681557027e+01
4.266727687813060754e+01
4.190763332433780164e+01
4.361536249216218408e+01
4.356980141383878902e+01
4.549925538717356233e+01
4.744292173851552263e+01
4.966993410363254213e+01
4.235585530884139160e+01
4.346592675261738492e+01
4.414961576470054894e+01
4.750267101512774559e+01
4.261631508539548463e+01
4.454235317830368501e+01
5.099271412423546224e+01
5.383777379780656958e+01
5.591880170720291687e+01
6.090163717159606449e+01
6.452411795528192329e+01
6.739373129683876584e+01
6.894736227299226528e+01
7.076390084325481666e+01
7.093998357004231536e+01
7.411863139679395829e+01
7.639368520880120172e+01
7.988317327927421729e+01
8.185086149100904152e+01
8.225200003294459350e+01
8.315086721896048516e+01
8.562032542345313857e+01
8.859628728187341551e+01
9.160147827011485333e+01
9.511801699120728415e+01
9.455510079048896444e+01
9.743571111312830624e+01
9.976994802757218395e+01
1.029568192829552515e+02
1.050507276508247969e+02
1.085065385562734690e+02
1.107379385798416109e+02
1.029005703194305568e+02
1.061802198452002131e+02
1.089052663496226501e+02
1.082983987917840523e+02
1.128633501507651999e+02
1.130666504059399671e+02
1.106454194834296914e+02
1.113840807225405456e+02
1.139432749873714243e+02
1.144991884977981016e+02
1.172121929107977252e+02
1.204096691372550083e+02
1.227514602177495959e+02
1.278094475686112474e+02
1.282158394974877353e+02
1.292758917694270906e+02
1.261172021985627794e+02
1.258604427529563310e+02
1.230552177288456761e+02
1.212296567629738036e+02
1.212104121185044789e+02
1.206091864917707568e+02
1.202138938901477587e+02
1.161001581244683649e+02
1.183498567643370620e+02
1.208801907739537995e+02
1.210240514221534198e+02
1.204180759175431916e+02
1.201977619612590615e+02
1.223749676581651471e+02
1.262178837833034208e+02
1.286979513649857267e+02
1.284879237815382282e+02
1.274625412691178639e+02
1.224546630833284269e+02
1.221493877687619118e+02
1.212253922408694535e+02
1.214148012115399240e+02
1.268354629254987032e+02
1.321440164105237329e+02
1.259104836496377402e+02
1.260081209772496891e+02
1.264046959901927210e+02
1.225319836327966954e+02
1.225537624699158386e+02
1.248275612292982970e+02
1.242509883696996553e+02
1.248451492441783870e+02
1.284772342689506672e+02
1.300474607103667495e+02
1.304946793317048730e+02
1.305310947778351647e+02
1.237039812059317967e+02
1.243542746341748000e+02
1.252903957269000017e+02
1.250165652794865991e+02
1.280413826440681930e+02
1.320255445541777704e+02
1.313676572427305871e+02
1.338344987722313135e+02
1.341154737341234693e+02
1.367411062504045844e+02
1.365535990019366466e+02
1.380458239881000111e+02
1.412546104993926122e+02
1.437654606203100514e+02
1.405590973976173075e+02
1.343424464801982197e+02
1.424267638025647216e+02
1.389370522792619340e+02
1.390484389784266455e+02
1.344866487252493528e+02
1.395615087019606051e+02
1.362264610070121194e+02
1.347755893713144246e+02
1.373664109912109552e+02
1.382110551367810274e+02
1.385041143408619462e+02
1.394594396240544256e+02
1.394971222546909928e+02
1.397506521402405326e+02
1.348187245754985497e+02
1.326156629323199070e+02
1.328531648258940550e+02
1.332337851498700445e+02
1.324996317961607701e+02
1.319956345120095023e+02
1.341103875978619442e+02
1.360161085272610535e+02
1.366616482433500437e+02
1.365053328937648871e+02
1.364155349625625888e+02
1.344183317775644468e+02
1.339569075639303151e+02
1.329583935742213896e+02
1.333995534427388918e+02
1.335499554295869586e+02
1.339197046525211192e+02
1.338436080804468702e+02
1.337288803566430033e+02
1.412913043328403546e+02
1.386992007295768587e+02
1.391181299929918680e+02
1.395693114733278435e+02
1.372770178170400754e+02
1.385691928619948214e+02
1.385785591511335895e+02
1.388493954071264795e+02
1.393434846927576700e+02
1.392781914396851732e+02
1.391885480076387012e+02
1.389424460751483537e+02
1.390842060055885554e+02
1.387726018354553901e+02
1.389967720157335407e+02
1.391496781866770505e+02
1.401820835824029245e+02
1.433825460252543564e+02
1.462223607199567539e+02
1.486071468951222130e+02
1.490026261083341979e+02
1.497631235966747170e+02
1.480058528158723448e+02
1.482748629242245499e+02
1.481698859448334531e+02
1.465346821601783915e+02
1.453105617397951335e+02
1.452535458633900873e+02
1.457735954161095719e+02
1.433591462529261946e+02
1.404335135604632967e+02
1.402607821854900862e+02
1.406161690421556614e+02
1.413877946924306457e+02
1.463458278161761541e+02
1.461892352334499492e+02
1.469626865640688891e+02
1.456307614989553372e+02
1.456332606503886495e+02
1.453777291476458231e+02
1.517851854976773893e+02
1.469138109870182234e+02
1.470953754524530552e+02
1.521421900403055361e+02
1.453423669519069392e+02
1.460510723388595693e+02
1.457864773446680715e+02
1.417005516357912995e+02
1.414378329002820749e+02
1.428455582028664139e+02
1.455421503669074923e+02
1.453632812993960215e+02
1.528077235621668706e+02
1.525105289540040019e+02
1.522703028482845014e+02
1.520888223291772476e+02
1.489257216275194651e+02
1.491848660830051472e+02
1.510559674110636479e+02
1.532696552028853034e+02
1.529850314903759738e+02
1.537344279910178386e+02
1.572743087317128925e+02
1.550332336941869755e+02
1.552645601070710200e+02
1.536276297430293027e+02
1.576058713748667515e+02
1.617207813731875774e+02
1.616924559707570097e+02
1.627912073540694280e+02
1.630023167678195364e+02
1.651330167595548346e+02
1.641758094784144930e+02
1.647251042878870066e+02
1.588874360727963051e+02
1.573276379771869813e+02
1.527636855268995646e+02
1.455419136955385966e+02
1.432129099666786942e+02
1.432062293651933373e+02
1.407381855685708842e+02
1.424554927279039589e+02
1.429110032196168447e+02
1.428685850710574528e+02
1.432279018442189624e+02
1.438728395573232888e+02
1.445853769607052755e+02
1.449318400800522113e+02
1.450538442699547375e+02
1.393688959494117512e+02
1.395383145377651601e+02
1.390768137268902365e+02
1.384252383709820151e+02
1.409544556820757748e+02
1.393361110549778630e+02
1.394158224900380389e+02
1.370405091639507305e+02
1.336897715907661279e+02
1.310456763996534164e+02
1.286270599650522968e+02
1.239662286069979160e+02
1.264444247155408334e+02
1.261542889211980736e+02
1.238762075051886882e+02
1.263571967170212815e+02
1.258711869824638541e+02
1.281369799346159652e+02
1.278609656615529389e+02
1.241270391000670088e+02
1.198486749951485706e+02
1.203075073928606287e+02
1.154162110023792422e+02
1.111508640270213135e+02
1.110893470596658403e+02
1.107864621487141790e+02
1.058493149065716921e+02
1.084288581046355944e+02
1.083570669370802335e+02
1.083790899751121088e+02
1.084500877750924843e+02
1.079872678888124256e+02
1.079326663837607327e+02
1.100706991358085389e+02
1.121044688845567237e+02
1.125080933572756976e+02
1.143335830911684781e+02
1.181645426863694723e+02
1.206004344905842345e+02
1.201101562174024480e+02
1.217767312223571139e+02
1.256909937316594750e+02
1.261035870600209847e+02
1.210274051711862171e+02
1.157490752490425621e+02
1.103206566479648956e+02
1.074382879931488048e+02
1.073201044530483870e+02
1.028028489789133886e+02
9.844025887269252451e+01
9.467912476582478121e+01
9.330369659613485567e+01
9.213356734681076432e+01
8.719407015138399686e+01
8.282567323428314410e+01
8.943837345269699313e+01
8.528005876544617081e+01
8.413014489091625592e+01
8.872437268500719654e+01
8.386682340264033542e+01
8.118509057997427192e+01
8.054711364810273722e+01
7.622159592096203085e+01
7.623260024407996127e+01
7.112159528181497592e+01
7.110262999024443786e+01
6.901687616123578550e+01
7.141437782998669093e+01
7.105553473348130922e+01
7.037468487660414951e+01
7.052621965252187408e+01
6.977099332074104154e+01
6.536575919494021036e+01
6.515804920675506651e+01
5.675821893326286727e+01
5.332131755895742486e+01
5.567326929983252626e+01
5.292299818194316430e+01
5.382969736146034734e+01
5.080341497448989685e+01
5.387808188874645765e+01
5.368838788118298311e+01
5.156799146277120371e+01
4.947577143417004919e+01
4.833228105926906437e+01
5.220032371405643090e+01
5.178863653986829974e+01
5.194504893762555753e+01
5.807232004410597881e+01
5.477039311830467483e+01
5.437109178896161410e+01
5.520787481918750927e+01
5.627062088781741522e+01
5.831150069584055018e+01
5.440647463987060917e+01
4.972051701882244856e+01
4.904805443398416998e+01
4.410995736536413148e+01
4.171788137119716566e+01
3.697618116000080590e+01
3.678158594408160553e+01
3.395028966599658560e+01
2.999354726966980422e+01
2.686871161612410219e+01
2.242646733946736148e+01
2.414127087270065175e+01
2.027299436940839428e+01
1.992986402957247805e+01
1.919943724450132905e+01
1.663385986437026176e+01
1.730127413041391193e+01
1.601671127350330082e+01
9.917520564963091090e+00
5.618680149223360232e+00
4.474105690557030002e+00
-1.336351435700685153e+00
-3.611150300553773729e+00
-4.409741230236504883e+00
-6.885476054451872052e+00
-5.507087670024850112e+00
-4.252552530384310359e+00
-8.862156815791534470e+00
-7.233493377349102360e+00
