-3.427680115109735652e+02
-1.680879139210507560e+02
-2.321627392295175412e+02
-2.710756106969021744e+02
-2.857401742300506839e+02
-2.667464260025715248e+02
-2.663450420238223728e+02
-2.593236241135274440e+02
-2.623300503117197309e+02
-2.722244243309233980e+02
-2.508941677342227194e+02
-2.332663247734933520e+02
-2.275887675919909157e+02
-2.252465268215400442e+02
-2.315742255163387142e+02
-2.348150197637709766e+02
-2.366978388605623991e+02
-2.390042984597411078e+02
-2.409007824397050683e+02
-2.342032513202410371e+02
-2.155733396317397990e+02
-2.097192646287151376e+02
-2.095254038621272628e+02
-2.154809155594453784e+02
-2.237095137380539427e+02
-2.348189277511526996e+02
-2.419648716865663403e+02
-2.487826771207783167e+02
-2.561696660547148099e+02
-2.767008670000250277e+02
-2.792982607515100995e+02
-2.785520834075475705e+02
-2.807307788150637862e+02
-2.813326443720255838e+02
-2.766904957550277118e+02
-2.726832412534290597e+02
-2.879791215306146341e+02
-2.888204916482138742e+02
-2.845713417867595467e+02
-2.816223179753508816e+02
-2.775802037421011619e+02
-2.736469598707226396e+02
-2.761668380779606764e+02
-2.756347272239993345e+02
-2.723589464794091555e+02
-2.691134775518965512e+02
-2.674816829694674993e+02
-2.645141918678766615e+02
-2.632459925756439816e+02
-2.650745913481613343e+02
-2.667439550805763133e+02
-2.681743819801487234e+02
-2.716425675257257240e+02
-2.730467168061430812e+02
-2.734034806959774073e+02
-2.743203449819408206e+02
-2.738704500014702603e+02
-2.733802708770509184e+02
-2.717714526597161466e+02
-2.749593317713819260e+02
-2.723183035241059997e+02
-2.714453988543050968e+02
-2.735114434746936354e+02
-2.757274909178295275e+02
-2.775922257637762982e+02
-2.780210791169084246e+02
-2.766878299928862361e+02
-2.753158853826595305e+02
-2.750324448792217709e+02
-2.727335571560483345e+02
-2.715517332701529085e+02
-2.685408223394146603e+02
-2.695461184818780112e+02
-2.701473171939673534e+02
-2.704082633221208880e+02
-2.703522288902336186e+02
-2.714589459548842001e+02
-2.718248616834055724e+02
-2.716147555703066701e+02
-2.717111389826404206e+02
-2.716223142318241912e+02
-2.697188261386186809e+02
-2.696780139808864760e+02
-2.670924007446402584e+02
-2.677424711788382865e+02
-2.656543391620273269e+02
-2.646490524573230232e+02
-2.641926961254698085e+02
-2.636435443357527788e+02
-2.614185271223075802e+02
-2.608554015829966488e+02
-2.588989073054734149e+02
-2.598208067197396076e+02
-2.585318716124002094e+02
-2.568516276575834354e+02
-2.558764315991411706e+02
-2.568861012101343704e+02
-2.551832889241800331e+02
-2.564966928621092279e+02
-2.562541657363615855e+02
-2.554031991552792533e+02
-2.581218946652726345e+02
-2.583487365092299228e+02
-2.558592489018092522e+02
-2.532313077924556524e+02
-2.532348755464797705e+02
-2.526766844447593883e+02
-2.533686556553990386e+02
-2.514907468233318184e+02
-2.497202527386571376e+02
-2.530200254217581062e+02
-2.549072121699534250e+02
-2.541061624161883401e+02
-2.537384615496482638e+02
-2.521470982096606122e+02
-2.517981616865972399e+02
-2.507997281424505900e+02
-2.495195063698519391e+02
-2.499126738309664404e+02
-2.514375726780269247e+02
-2.552114788637707647e+02
-2.565532047789945409e+02
-2.566893824023877642e+02
-2.550714929456322295e+02
-2.518904892584715469e+02
-2.482841175623909180e+02
-2.452798618616163822e+02
-2.422515233015496676e+02
-2.386921615316147722e+02
-2.314322656085362837e+02
-2.285110517957661784e+02
-2.270744780763571953e+02
-2.249972931596411456e+02
-2.233941926652890118e+02
-2.238663342980024709e+02
-2.233041690282412617e+02
-2.162902376642066429e+02
-2.137518627533064262e+02
-2.174433336024020491e+02
-2.180356178421236848e+02
-2.216307420058387549e+02
-2.300424093818627398e+02
-2.306005116434664046e+02
-2.327739116692485482e+02
-2.349740219506783490e+02
-2.356141532294342085e+02
-2.384934497515385772e+02
-2.387954184720686328e+02
-2.389210499098427363e+02
-2.378869884199375520e+02
-2.366367835731607556e+02
-2.353995636981248367e+02
-2.317518475900853048e+02
-2.286373574516047995e+02
-2.264662289394571530e+02
-2.248913640019339937e+02
-2.234147319740331170e+02
-2.243334121190524684e+02
-2.238815381856741453e+02
-2.232650271211340112e+02
-2.228420932681786155e+02
-2.213219217254374485e+02
-2.190011010173085140e+02
-2.155861417870302716e+02
-2.122409999701267509e+02
-2.102130646541631336e+02
-2.091206263053336443e+02
-2.081136033699886241e+02
-2.084002680950217439e+02
-2.078578401135559375e+02
-2.062753436293756408e+02
-2.062788024144188341e+02
-2.033324969151665869e+02
-2.017437993248629482e+02
-1.999672962912560195e+02
-1.984936702633706602e+02
-1.970918972209387050e+02
-1.944621155690429930e+02
-1.941529681621384213e+02
-1.913676048433120513e+02
-1.891051175187216700e+02
-1.884835563639273914e+02
-1.859616210305482298e+02
-1.857505425514991941e+02
-1.831534264498079665e+02
-1.884022911579996560e+02
-1.922893175714612255e+02
-1.914529332743059058e+02
-1.940414282114303148e+02
-2.023175469728913640e+02
-2.040661002352750870e+02
-2.074806472167654192e+02
-2.073314241331617040e+02
-2.126751061704110839e+02
-2.163183517412729771e+02
-2.204166780929436698e+02
-2.226313330680141007e+02
-2.270576935518074322e+02
-2.289037159482820414e+02
-2.319577026054006410e+02
-2.442956330861597110e+02
-2.463923995135490941e+02
-2.472734092489960744e+02
-2.511882456432706761e+02
-2.556057296934044416e+02
-2.618848903643968811e+02
-2.669476384193919785e+02
-2.713888599156452415e+02
-2.770945764791438819e+02
-2.809136343604614581e+02
-2.827003389345952655e+02
-2.890434604737112068e+02
-2.925367963910088065e+02
-2.950950469120191428e+02
-3.007801802769511710e+02
-3.065288890202382959e+02
-3.099689782893788674e+02
-3.143763717946942506e+02
-3.159375296978828374e+02
-3.187685935044981420e+02
-3.204072830033312016e+02
-3.220970477309076045e+02
-3.241058912950354625e+02
-3.257224610017571536e+02
-3.292445999434326041e+02
-3.309305589507642935e+02
-3.328891194718611359e+02
-3.359025974130898931e+02
-3.387780376783684915e+02
-3.404770742180626257e+02
-3.431836345629166090e+02
-3.456559285044663739e+02
-3.486521261893920496e+02
-3.517014997559108451e+02
-3.540482293914607226e+02
-3.560521177270469479e+02
-3.570390355256793100e+02
-3.596415154915505354e+02
-3.575400755669135719e+02
-3.583771785306248034e+02
-3.568837499359774483e+02
-3.516079925855159445e+02
-3.502761391841744398e+02
-3.488188175085184071e+02
-3.489732551909852987e+02
-3.499105583728797342e+02
-3.480215804515976288e+02
-3.500022126283722059e+02
-3.508563244534765317e+02
-3.525526736212179912e+02
-3.530361675071679883e+02
-3.551292773982462450e+02
-3.568327937818591522e+02
-3.596552761980067316e+02
-3.610614943583706804e+02
-3.627245482562263419e+02
-3.663804645022134991e+02
-3.652932252647509586e+02
-3.663111623844002338e+02
-3.654633481827236210e+02
-3.690998696951646707e+02
-3.727145246429493000e+02
-3.753674582146367698e+02
-3.780218667747628842e+02
-3.810098021531850918e+02
-3.849734929144501052e+02
-3.873839592753067222e+02
-3.883146724552095748e+02
-3.886871201474438635e+02
-3.906830829646919483e+02
-3.927277703760571512e+02
-3.959834329918807043e+02
-3.975801846569270879e+02
-4.001011877420309020e+02
-4.013920791127422945e+02
-4.038822434374093291e+02
-4.054704145904878487e+02
-4.087761781266957541e+02
-4.131526355941370525e+02
-4.174751539803187370e+02
-4.239877846823916343e+02
-4.256624488273611746e+02
-4.275049113692725768e+02
-4.307311406175090838e+02
-4.332134946411143801e+02
-4.336799668842551227e+02
-4.306447026472695256e+02
-4.329524104843860641e+02
-4.314368785912884618e+02
-4.289596005832885339e+02
-4.291199939560623875e+02
-4.282122066446088411e+02
-4.278996471551282639e+02
-4.227832210733520242e+02
-4.230959221525478142e+02
-4.230782666597257275e+02
-4.212429619850016138e+02
-4.194849585753573820e+02
-4.169646345754803747e+02
-4.139120041674982531e+02
-4.038988883897458209e+02
-4.004135631547080152e+02
-3.988141239619795897e+02
-3.943860781560202895e+02
-3.905415513968621894e+02
-3.853557813715295879e+02
-3.820225570138101716e+02
-3.794323246638930414e+02
-3.752335590983466886e+02
-3.722112946970396479e+02
-3.706684181808873859e+02
-3.646179187218797324e+02
-3.659233398590405955e+02
-3.695158893847798822e+02
-3.651286150784213760e+02
-3.612020187843461940e+02
-3.591497524425500956e+02
-3.570433497003918433e+02
-3.542492914002978068e+02
-3.526558763943726262e+02
-3.535619659771215311e+02
-3.507047484914488678e+02
-3.476877764262236497e+02
-3.453277240826419643e+02
-3.417119912269663473e+02
-3.418037577995505671e+02
-3.406657753976301137e+02
-3.379341494037692541e+02
-3.370598654512108396e+02
-3.347979420227854348e+02
-3.317914911539691047e+02
-3.289872149682499867e+02
-3.259727884158210713e+02
-3.210494048802326574e+02
-3.168958834261126185e+02
-3.172782150737802453e+02
-3.149194096271558578e+02
-3.142394589158108715e+02
-3.123434338826779140e+02
-3.121397731359140266e+02
-3.090474974146306977e+02
-3.074644695158347645e+02
-3.135307574539344273e+02
-3.163041314932083878e+02
-3.158023678703203245e+02
-3.147110032729556224e+02
-3.176602234003264584e+02
-3.193676065495603211e+02
-3.187157563238386615e+02
-3.252455998562626860e+02
-3.233181845642367875e+02
-3.227628856137608864e+02
-3.239835791488053474e+02
-3.238273070937266311e+02
-3.261202377708891049e+02
-3.261100349029401855e+02
-3.231702602998628322e+02
-3.211820795833332340e+02
-3.212746547839783489e+02
-3.205025344727396259e+02
-3.173693879087675214e+02
-3.138340842810578124e+02
-3.105379749351932901e+02
-3.104163571186170429e+02
-3.115991390070953457e+02
-3.077927134374504021e+02
-3.060644819025985157e+02
-3.065875994327311673e+02
-3.075020772835572416e+02
-3.073785450406792279e+02
-3.082377052969029592e+02
-3.068751049246338312e+02
-3.067439194136414926e+02
-3.058114852989476731e+02
-3.056506162831134361e+02
-3.043331529776194770e+02
-3.029972901305181949e+02
-3.034279004841008032e+02
-2.990604467012055352e+02
-2.968229472804686679e+02
-2.924968826661674370e+02
-2.933164458503504761e+02
-2.936047798724792415e+02
-2.920079812597824684e+02
-2.912112419746928254e+02
-2.868115354065160432e+02
-2.864297251168702587e+02
-2.849290443247505209e+02
-2.846307082437934355e+02
-2.811023593092554052e+02
-2.812931504530188818e+02
-2.796197251711286071e+02
-2.784263563466255960e+02
-2.854920010899323870e+02
-2.852886587160077170e+02
-2.833286004870744250e+02
-2.809785805714947173e+02
-2.805671617360083587e+02
-2.806460075536544991e+02
-2.812724536397396378e+02
-2.781808187931762859e+02
-2.795768060345377535e+02
-2.790608831289891896e+02
-2.810219636457862862e+02
-2.821772305191237820e+02
-2.830361642802711231e+02
-2.804945039004252294e+02
-2.776149128476815804e+02
-2.767344470613264775e+02
-2.759181816536416250e+02
-2.736865077886154154e+02
-2.727748939888642212e+02
-2.695039189029494082e+02
-2.640262360541642579e+02
-2.631557835166019004e+02
-2.605956148093262073e+02
-2.593295883453363331e+02
-2.584121025437279400e+02
-2.611545745174791477e+02
-2.618780743359193934e+02
-2.581421563401254957e+02
-2.575619290461395963e+02
-2.596866680062822184e+02
-2.616502916230792835e+02
-2.634322551718857994e+02
-2.612810917653775959e+02
-2.611612018778745892e+02
-2.610822822475822704e+02
-2.593323187600469737e+02
-2.595682379465266649e+02
-2.599145383677058589e+02
-2.631131231183236423e+02
-2.664362321872099528e+02
-2.714471747633144219e+02
-2.750411182920486795e+02
-2.728155984853171958e+02
-2.761055078009457588e+02
-2.757171599941590898e+02
-2.763827093510415693e+02
-2.757189576529505075e+02
-2.795562203207692278e+02
-2.799695060508369124e+02
-2.740698519374489592e+02
-2.698205004077666445e+02
-2.684745533033864717e+02
-2.676275299640099661e+02
-2.648704855268161964e+02
-2.631874937477984417e+02
-2.674152689111215864e+02
-2.601672277198171059e+02
-2.627001785614448863e+02
-2.618550004074171511e+02
-2.609573652359835023e+02
-2.607924296914840170e+02
-2.579516050576643238e+02
-2.559536013416250739e+02
-2.586033472910319233e+02
-2.602786777151767978e+02
-2.620126353782400770e+02
-2.626733361991580296e+02
-2.650733283422904947e+02
-2.684652562409846155e+02
-2.697588978297169433e+02
-2.704382554600522326e+02
-2.679803806500140695e+02
-2.691066772619527683e+02
-2.689619596880721133e+02
-2.692533336263329033e+02
-2.675723010706739160e+02
-2.664970728704615226e+02
-2.657143599333541033e+02
-2.649106572854108208e+02
-2.644036568737367361e+02
-2.630404182920230483e+02
-2.624076894117685583e+02
-2.621406915357272283e+02
-2.719242977961679344e+02
-2.715861064509182370e+02
-2.753349250368696630e+02
-2.767750550395414280e+02
-2.785489380018389625e+02
-2.795974759385679249e+02
-2.821930263776687298e+02
-2.846855156220555045e+02
-2.844008259197304369e+02
-2.843777529195156148e+02
-2.839907973404786503e+02
-2.855266710699852979e+02
-2.845306869489915584e+02
-2.849314416440591344e+02
-2.987375351424316818e+02
-3.038319597766104039e+02
-3.072413817499517563e+02
-3.071015918832217153e+02
-3.103815936987314785e+02
-3.117689524079047487e+02
-3.127867655900611226e+02
-3.132028470080223315e+02
-3.131712515700956487e+02
-3.164418530701081522e+02
