-2.913254517757231952e+02
-3.524091527908383341e+02
-3.067214536894201729e+02
-3.792646508018325449e+02
-3.666436847140862483e+02
-1.346100252947930471e+02
-2.410112833084594399e+02
-2.362420613227959905e+02
-2.851409272916866371e+02
-2.042581926628839426e+02
-2.186512789651644084e+02
-1.479384127538795894e+02
-1.857108616901142568e+02
-1.566393475210777524e+02
-1.499703311884057939e+02
-1.785505094790028409e+02
-2.799577417371640422e+02
-6.228895477806133840e+01
-1.363841426594375719e+02
-1.667178948061376218e+02
-2.250187790532767167e+02
-3.443198637907967168e+02
-2.682614944415980744e+02
-1.335020756701526921e+02
-1.387954235604543669e+02
-3.396050406106688797e+02
-9.080847907961518217e+01
-5.654121740195400747e+01
-3.821730479779830603e+01
-3.380509940334346197e+01
-2.102952572338194841e+02
-8.992767255447037655e+01
-1.211608954036388610e+02
-2.503342371413814647e+02
-3.364811410072849185e+02
-9.358218917821737648e+01
-1.782842205022282371e+02
-1.887453268562145752e+02
-2.131098408412256617e+02
-1.101991016603902835e+02
-1.820836258348697356e+02
-6.295526912744973203e+01
-6.870680412979854168e+01
-6.362027077952686938e+01
-1.707128187164929400e+01
-3.888050309318226283e+01
-7.033829268713959948e+01
-8.115613827914718570e+01
-5.318467024027145271e+02
-5.291177507638260380e+01
-1.953362993450678786e+01
-6.525541169867027236e+01
-9.543267612395402466e+01
-2.915920492935035782e+02
-2.913638302497477994e+01
7.790719046612719190e+00
1.839152026368803092e+02
4.663094776775668038e+01
1.791639583507750899e+02
-9.245437564145224485e+01
2.571171508318100507e+01
2.267690134609168240e+01
-4.925505468573477970e+02
-3.566036658896040876e+02
-3.873630119647453540e+01
-2.496920540437205034e+02
-1.808919750461600415e+02
-4.959519896520518500e+01
5.988187715390278498e+01
5.237996758501270733e+01
1.927854078409419003e+02
-8.655467788907117210e+01
-9.929593433326482810e+00
-7.370599729548122525e+01
5.366432938491612958e+01
-4.687721451592338440e+01
-5.397280586849308293e+01
-2.644196260529238884e+01
-4.562126587466169525e+01
-5.130572733235867489e+00
-1.159264875108155053e+02
8.931086687672394930e+01
-4.201576578096456416e+01
-3.315108022968004065e+01
-6.724898003882034914e+01
4.227720397636323924e+01
-1.030368780864459097e+02
4.057149648815656917e+01
2.679584243809506461e+02
-6.806837154677999990e+01
-2.535748879240357212e+01
2.896411662309139388e+02
-1.991070370666535609e+02
1.273375577197097641e+02
2.816985435123457364e+02
1.752772406163305732e+02
-5.205972986338838382e+01
1.969737602111910917e+02
-1.062671702321043199e+01
-4.512094241548817308e+01
3.865891174972817090e+00
-2.207331893124340354e+02
2.181456360488528503e+02
1.531778232565027622e+02
2.145277077862527904e+02
-3.997166646648578592e+01
2.516010427423799172e+02
2.065270784407308611e+02
2.301466250111404577e+02
2.190892052227468412e+02
2.559721573409288737e+02
2.428537595116778220e+02
3.192878732197900149e+01
-8.338452866070426239e+00
-2.112867525173780336e+01
6.673423924605612001e+01
2.534656337360056000e+02
-6.703345899514658868e-01
-2.168856086795871079e+02
3.859986200924652167e+00
2.628161583470732694e+02
2.804210708033632500e+02
2.345567718302292803e+02
2.707958259435783930e+02
2.764980679289078580e+02
2.614899639225803867e+02
-2.680598896864831886e+02
-2.503888342171881618e+02
2.462594924551916336e+02
2.373374659592848559e+02
2.138052176818772807e+02
1.367377444510861437e+02
2.214171150924721303e+02
-6.055515892641219011e+01
2.680443655324880865e+02
1.807101085059333059e+02
-9.730919014766257646e+01
-2.437507697911067339e+01
-5.834612304342766720e+01
2.561757922627620019e+02
2.032850719984591876e+02
2.200536376063364514e+02
1.989970729574690438e+02
2.560680550787714083e+02
-2.722046772463987736e+02
-1.535512596424356957e+02
1.174865149479655742e+02
-1.883865231627187882e+02
2.306234997060161618e+02
-4.206168794487921048e+01
-9.549798531378748123e+01
1.055175050837679436e+02
-9.998878395629465388e+01
-9.864665196002520986e+01
1.652302521092211691e+02
2.304919555583149133e+02
-5.474926768422344594e+02
1.576380921453567510e+02
2.475328595590912357e+02
2.428511494012670653e+02
-4.629238778900450484e+02
2.152807106369114365e+02
1.524855477358291864e+02
-7.209769853249190419e+01
1.693664897431599172e+02
2.485914923955940878e+02
1.813561033224237633e+02
2.373661351904802075e+02
2.152449747692536732e+02
2.340338246112686420e+02
2.103936805196908608e+02
2.313101047860940298e+02
2.175757877673970597e+02
2.752428097518217101e+02
2.504331505583989497e+02
-6.763360322369237565e+00
3.591391273309474741e+01
2.205038578439718435e+02
2.519749199673680096e+02
2.953885260909073622e+02
2.357273845984259140e+02
3.301924680489176467e+01
2.460452664829735454e+02
2.002726112147078084e+02
2.514381454994837100e+02
2.516680407633187997e+02
2.425442124584204180e+02
2.637114988449729935e+02
-5.157784016601576695e+02
2.598965810301871215e+02
2.471471616498398873e+02
2.289544104470557215e+02
2.573880988314606952e+02
1.476675832371861077e+02
3.957545126131594770e+01
2.491433645274178446e+02
2.038596966196986955e+02
2.525651112538586744e+02
2.606737242767537168e+02
2.746266802302384349e+02
2.380449992244319333e+02
2.850655457737315714e+02
2.587848289365019241e+02
2.591830504504384862e+02
-1.013412493001771963e+02
-6.564761102712989782e+01
-2.892145966868744722e+01
2.397098185354433042e+01
2.282221605642065754e+02
1.589666425493743134e+02
2.164428971786286411e+02
-1.685198170562642019e+02
2.568986513088497077e+02
2.446949480956042748e+02
-6.742610431773783830e+00
6.136688785032490046e+00
2.314342381075908577e+02
2.170502351006589947e+02
1.674060038342401810e+02
2.518667443691564642e+02
2.418134000023210888e+02
1.778828195613296543e+02
-2.662310467487142205e+02
2.402682944869261803e+02
1.840985151396614299e+02
2.804308609896263533e+02
2.740062817093948979e+02
2.804665142853147017e+02
-3.770937836334098279e+02
2.471011987204825004e+02
2.534627189761790191e+02
-2.505334912885132894e+02
2.235949988043830103e+02
1.668247170118331724e+02
2.103870795726247422e+02
2.401261959538068709e+02
2.658993123295652481e+02
1.326475671624969550e+02
-1.362426090961524494e+01
2.598173368757906019e+02
-4.794262851918763886e+02
2.850829804306351321e+02
2.926091822299919158e+02
2.286850103374317200e+02
3.027705921175996195e+01
2.448649313685243953e+02
5.169778380324760292e+01
5.829762978735422507e+01
2.587209958952323063e+02
2.205015636832297332e+02
-1.142487101605823767e+02
2.547400037001044950e+02
2.208898671729637613e+02
1.524383601317199464e+02
-1.554060701600527352e+02
-3.911731361835935559e+02
2.609390553944139128e+02
-1.913330601849210666e+02
2.586715294755652508e+02
-2.133278759164643930e+02
4.456211978107948113e+01
-1.182240588579361429e+02
7.398384166059204681e+00
1.869844634571609561e+02
2.538309043001659973e+02
2.778974128036870184e+02
2.768886316416729869e+02
2.411343982541383468e+02
2.405979633242084788e+02
-2.591589318629321497e+02
-9.912483798172019078e+00
2.550602941435086564e+02
2.556378201649966400e+02
2.018274743808923972e+02
2.000334221432733841e+02
2.047119482628706919e+02
2.264860056730075257e+02
2.850578294528708057e+02
2.363433850088540567e+02
2.864087329706785567e+02
3.600706609860870344e+01
-1.312317455852122805e+01
1.461938675120823348e+02
2.443885980664563533e+02
2.664783441842895400e+02
2.886429630567381537e+02
2.349345552509955724e+02
2.522387264645865628e+02
2.404639959595773462e+02
6.862207038374918966e-01
2.890400879913414656e+02
2.740725584806511961e+02
2.815873320268178759e+01
2.768850877326614182e+02
4.051208017519499549e+01
2.762269901267046635e+02
2.532686251828185675e+02
2.460357859466068078e+02
2.517093810721116256e+02
2.500164869812013535e+02
2.522209922684510843e+02
2.539051287604182505e+02
2.812018469643157914e+02
2.744736675447895777e+02
1.899290272409501767e+00
2.543986332580108751e+02
2.550600098015526953e+02
2.624495993700913345e+02
2.677700818854032150e+02
2.350163913834276457e+02
4.071581909839264313e+01
-1.416188062210437977e+02
2.464009533697403072e+02
8.117456963009743731e+01
-1.291546524701001886e+02
4.351011445295824842e-01
2.834391933795389491e+02
-2.439468121767903597e+01
-1.251572654120478774e+02
2.345936068718331740e+02
2.773520856688793401e+02
2.550453845888278295e+02
2.295722656258363941e+02
2.246090362143031598e+02
2.614436482015582897e+02
1.472383544782688318e+02
2.742561968527273848e+02
2.549133640110321153e+02
2.636518513697470212e+02
-2.400362523454325014e+02
2.716191655196631700e+02
2.541479674967344238e+02
-4.563873100354771282e+02
2.376952557070945602e+02
1.839275801534758443e+02
-1.684663749338689627e+02
2.396274387786432385e+02
2.734200974209295509e+02
2.560349554944924648e+02
2.419304301246430668e+02
2.650179410852086335e+02
2.553635196143460462e+02
2.685865716580450453e+02
2.105369584267022560e+02
-2.860330109540165040e+02
2.707793769170927476e+02
2.388079166090996921e+02
2.796664089695179882e+02
2.302586246443009372e+02
2.954412137474132578e+02
2.397393639089237354e+02
3.063249994750930227e+01
2.440225084613698527e+02
-1.125467627245323854e+01
2.424180930236925633e+02
2.031786364849189397e+01
2.581065151513549267e+02
-8.145792185367774607e+01
2.797824708505786475e+02
-2.578767429342718742e-01
-5.115860833295555210e+01
-6.329457791068358574e+01
-5.763684373430118058e+02
3.100465389622283396e+01
-2.025643407285704711e+02
-4.442797703324132499e+02
4.398825875568701349e+01
2.404663381056017215e+02
-6.206416338036504499e+00
-8.742821592962775412e+01
3.563856537311744432e+01
2.508184792875736093e+02
2.915694974811434577e+02
2.663212456913276469e+02
2.712871624814733309e+02
2.393582601975627426e+02
2.386864246632619029e+02
-2.834370026014283894e+02
2.532852438441926211e+02
2.402586518831888611e+02
-2.915046949221868999e+01
2.397985565508597574e+02
-1.564059519771141993e+01
2.523597415724724726e+02
2.894701157556153248e+01
-4.643079426172199931e+01
-2.947496386027482629e+01
1.037708300447235388e+01
-2.256191398458593937e+02
2.485058315581284205e+02
2.600265085570658812e+02
4.626441687971291117e+01
2.762576543859406115e+02
2.282841142769198370e+02
2.670913753904050623e+02
2.486255628204037009e+02
-1.201240309657753897e+02
-1.818006245452365590e+02
2.975926208433156148e+02
-2.391131520669360668e+02
-1.743137052673420158e+02
2.477534320248698236e+02
2.509133558691511610e+02
-2.192410566694593967e+02
2.598536100788011254e+02
2.472195165024734820e+02
2.572623136047420758e+02
2.695493793681286547e+02
2.214880932573939560e+02
2.295562408782603541e+02
2.545190943031728352e+02
6.175816865377393583e+01
2.867634006416370767e+02
2.637235430193771322e+02
2.539413070499982723e+02
2.440242815660038218e+02
2.344113660613643617e+02
1.422628192777875142e+02
2.662689855181866960e+02
2.758529397079839782e+02
-2.302661032145977060e+02
-2.727876076255353155e+02
-3.132695944819308806e+02
-6.362782926730501742e+01
2.496252941915154508e+02
-3.044871929352300981e+02
-1.620028137693614667e+02
-1.212000466757416319e+02
1.261090344007526056e+02
-3.570491772778398172e+02
-2.223305540230131783e+02
-1.826917242133488628e+02
2.048827118059073200e+02
-1.781362130179875010e+02
6.893619270048330350e+01
2.909564044752268046e+02
-2.461274894580462558e+02
5.246815154324275809e+00
1.922372623073388809e+02
-1.906213425894276270e+02
2.661183733970021876e+02
-2.557369766121538248e+02
2.666900425009930586e+02
1.961575525835428380e+00
-4.628284407892435581e+01
2.348950672665519335e+02
1.707229309213855686e+02
2.948198865612904456e+02
1.547359914662160918e+02
-1.450821988326686665e+02
2.189683650904094918e+02
-8.093505274017106785e+02
-9.966762896917501280e+01
2.239404978150570855e+02
-3.260901876524228271e+01
1.109877816002090327e+02
-4.452172354568978108e+01
2.260087695719771546e+02
2.608130700942322164e+02
-2.122975185841127654e+02
-2.603806111930711609e+02
-1.776436154007828918e+02
-1.895641718642742148e+02
-1.016406352258917778e+01
-1.869231009528440950e+02
1.684473403156282814e+02
-2.862044338244432993e+02
2.005362051712948528e+02
7.747188668455343930e+01
1.884639093336187443e+01
2.397265461754317926e+02
-1.396841263094203498e+02
-1.770262646236732849e+02
1.990749872075003850e+02
-2.225225443805302348e+02
1.506607808647928981e-01
-2.354835964563731920e+02
-3.028965241933487960e+02
-2.984438396430851981e+01
-1.554155877494895606e+02
-3.416340348467881540e+02
-2.044258711148151519e+02
1.558397581256165267e+02
-1.344679087567527915e+02
-5.366022408029593294e+00
-1.194734727688374676e+02
-2.860327018733811428e+02
7.711850960883688799e+01
-3.540754255369205339e+02
-3.614132392958919127e+02
-1.698575330169067570e+02
-6.819302898692011183e+01
-3.047880582398310594e+02
8.042277916111602032e-01
1.872322824221313056e+02
1.052080398867275335e+00
1.771480747692673674e+01
-5.634711058118270444e+01
-1.633678076974063629e+02
-7.624680822269301927e+01
