-2.524703067464667470e+02
-2.516899996527115206e+02
-1.361740805106950347e+02
-3.670906218230511513e+02
-1.491168850070182259e+02
-3.454647574312679126e+01
-3.955008453958496943e+02
-4.362646314347519194e+01
-1.739154609964544989e+02
-4.358468354188619287e+01
-5.739863801835731749e+01
-2.514340347951402350e+02
-1.170244379845992597e+02
-5.301351891648203463e+01
-9.473920913606983163e+01
-9.141159958802020924e+01
-4.816928617337501350e+01
-1.282313010826201207e+02
-1.029333196357500952e+02
-8.403939147604944537e+01
-8.513608575765117337e+01
-1.512745342525007288e+02
-5.392423492523855089e+01
-1.172851068479163104e+02
-3.174720427251814314e+01
-1.250880773563632431e+02
-3.200286938851839835e+01
-1.080297537105883521e+02
-2.101653680701383280e+02
-7.286903593100541343e+01
-3.489032440903811505e+01
-4.797438894786503027e+01
-2.634086291546250891e+02
-5.689879810691160600e+01
-1.065063233337342439e+02
-1.093742914551057623e+02
-4.772827856112222378e+01
-3.058782065964068124e+02
-3.794060049137953428e+01
-8.609937404337838984e+01
-6.764518302539400452e+01
-3.248312261563220460e+01
-1.886427433278628385e+01
-9.409399735478929472e+01
-3.816753938285909697e+01
-5.238758122823315233e+01
-2.701202891089873859e+01
-3.979757217660304747e+01
-3.722215573869064542e+01
-1.436960333482637608e+01
-9.312754803656859792e+01
-6.052515780427903280e+01
-1.282130980061808856e+01
-5.651730387984463988e+01
-9.034051012266878899e+01
-1.847913964699727885e+01
-6.143053690043610260e+01
-1.434804780259865353e+01
-1.582058645383286333e+01
-3.328342890497719253e+01
6.439444499604612737e+00
-7.608448720508854990e+01
-2.297815763979299675e+01
-3.217528018598566319e+01
-5.794610736664755279e+01
-1.984844422229570071e+01
-7.673039903970635578e+01
-7.009407167844557307e+01
-2.930728092255776929e+01
-5.178945807172609506e+01
-3.769891812814136500e+01
-5.711730427333344551e+01
-2.734645236905894450e+01
-2.643961037982146678e+01
-8.070698277508279261e+01
-8.051905777069141550e+02
-7.149742153129901112e+01
-1.421272060244118336e+02
-7.834210314839182843e+00
-1.711284601877101963e+01
-4.226030150266167595e+01
-7.410978275631440226e+01
-2.672722462882873629e+02
-7.676360606140968912e+01
-3.272942941176710718e+01
-3.512566241677189893e+00
-9.971573574147541308e+01
-4.036312481274197239e+01
-6.896286606440574474e+01
-1.159607826441321947e+02
-1.167079143792520028e+02
-5.044652906042016127e+01
-5.309165548432707737e+01
-1.111482964262012629e+01
-4.284801665474464727e+01
-1.049793361558011284e+01
-4.241298711476192551e+01
-5.835205184496294351e+01
-7.151247727106141383e+01
-1.210030575147460041e+02
-9.255298941360688048e+01
-4.453450253171722295e+01
-1.014754700057451053e+01
-1.888934557413003290e+02
8.238116030992475913e+00
-5.002819047001764829e+01
-9.087449773569451850e+01
-7.698795845515761016e+01
-5.291166334698945661e+01
-7.353504656449572074e+00
-2.032718301925913238e+02
-6.991467047778073152e+01
5.027327649569945045e+00
-2.566264099487936434e+01
-1.033344322518775904e+01
-4.535100336653121644e+01
-4.274002417559010780e+01
-3.109436883798131390e+01
-4.199842230057401338e+01
-4.355106458618761422e+01
-4.618529348716509730e+01
-7.787271529103745138e+01
-3.627513168700298252e+02
-8.618350499332503034e+01
-3.160235376763547492e+02
-7.329665037115222503e+01
-4.101129294695991234e+01
-9.435063099181206780e+01
-3.394841356595486559e+01
-2.868581978437589797e+01
-7.172907329548299060e+01
-2.702591325187722759e+01
-8.233445848950774248e+00
-4.858063223537589437e+01
-1.810114211382926497e+00
-6.115806662462122745e+01
6.865355496387633139e+01
-5.856744377759379461e+01
-1.253786520347338040e+02
-1.032477137678401959e+02
-5.789008205567184007e+01
-9.118896841442054324e+01
-6.643673430240270683e+00
1.661666978718707810e+01
-5.574786387379205621e+01
2.122772865569814087e+02
-7.753882321050194548e+01
-4.058597417356240555e+01
1.618971279391383291e+02
2.630933389562711966e+01
-1.142416671289846875e+02
1.219424162759565888e+00
-1.950010377558991195e+02
-1.321792357675304004e+02
-6.749952033007676278e+01
-6.900350380682516516e+01
3.725803310491531128e+00
2.472257710751713375e+02
-1.068761185038530073e+02
1.566348749540310621e+02
1.330454582900435696e+02
-1.033637611378249943e+02
-1.492393645347375468e+02
9.019071663345353329e+01
-4.289147367343264250e+01
2.149002631849807017e+02
-5.316500143438793202e+01
-3.474960538955205180e+01
1.538403253747476072e+02
8.868269409985541074e+01
2.548754689706884449e+02
-7.211724836280401973e+01
-1.828817252439078800e+01
2.256085027586087790e+02
2.092488138350561258e+02
-8.500321480224927484e+01
-2.226058234234200128e+01
-8.486250226891138482e+01
2.163205665394056041e+02
-1.398574681539489362e+01
2.518639045949515207e+02
-2.435842412418440972e+01
-9.404750046075051273e+00
-1.754324840659833740e+01
1.519468164422784469e+02
1.724163726658328528e+02
2.447748064668352015e+02
2.203155171958455298e+02
2.480474349704802250e+02
9.444946252801287301e+01
2.608308897614678585e+02
2.430189212073478018e+02
1.357501780266215974e+02
2.381964741994290478e+02
2.452610842740822363e+02
1.882989435897965507e+02
2.416321575096020808e+02
2.844551692232166715e+02
2.620360084669462140e+02
7.649953555811759998e+01
7.950343444984913788e+01
-1.508493863355359395e+02
4.841398328030246034e+01
2.330640831276090807e+02
2.566769725943905200e+02
2.611629742252545725e+02
2.174021086520608037e+01
2.565111326669330083e+02
2.462789284360668489e+02
2.421789796584075987e+02
2.618229815325124719e+02
2.588153586864881390e+02
2.261939995694004324e+02
2.579936281170463417e+02
2.445509643855382649e+02
1.571573338850116102e+02
2.844458986937383997e+02
1.556920623026672956e+02
-9.701041662342625216e+01
2.908320303051378914e+02
2.522966006690370193e+02
9.207734967580094576e+01
2.570406102666384527e+02
2.203478330914230696e+02
2.430220027171808113e+02
2.575514922894290066e+02
9.737537750557118343e+00
2.876437594407351526e+02
2.555274633266334661e+02
2.465962808966998523e+02
1.947630800322905884e+02
2.534593957939439406e+02
2.600394534718742534e+02
2.799697848211328051e+02
2.642782517865303760e+01
2.182980539040531767e+02
2.374236287489872552e+02
2.815538055767956394e+02
2.414709490685596336e+02
1.478356249225381589e+02
2.553275348628341135e+02
2.837156889717615513e+02
2.847408746656931839e+02
2.445722038712524125e+02
2.759281533993624294e+02
-2.177350439391403825e+02
1.736831107944088330e+02
-2.795859941599288732e+02
2.410098326556822883e+02
2.533333965106972130e+02
2.222130816772526032e+02
2.051917558245647797e+02
4.731675602511284495e+01
2.434804622521951671e+02
2.300189398017135431e+02
-3.740265241479113456e+01
2.772091178088437573e+02
-8.583899745127148151e+01
2.171110093302277448e+02
1.976475018440319786e+01
2.418985755565992406e+02
2.382646762949915171e+02
1.977080933345330322e+02
2.490395171301127846e+02
2.426442810618069075e+02
2.604053834585896539e+02
2.162183340137289633e+02
2.870394876744483099e+02
2.268800256816841738e+02
2.491011595700445866e+02
2.254947604041337854e+02
2.525515460031293173e+02
2.717894189487735730e+02
2.727126790088915413e+02
-4.119500142178831936e+01
2.468067051381000283e+02
1.255798644257132395e+02
2.366788085053840689e+02
2.537107966702875785e+02
2.892620097721847401e+02
2.389448131524463861e+02
-4.199339447485470345e+01
2.686390846209111487e+02
2.439995670973121946e+02
1.921751797292332071e+02
2.457857052849854256e+02
2.755606548368074300e+02
2.346092670908911373e+02
5.963566218359204640e+01
2.049831841472844758e+02
2.112446835433438537e+02
1.767156260534455328e+02
2.892537067056020987e+02
1.318853586763850956e+02
2.888640307752028775e+02
2.481209852655053680e+02
2.545147352414366821e+02
2.260690878735262856e+02
2.639423280119884225e+02
2.678453466286405842e+02
2.424332253280230702e+02
2.584819967769278719e+02
2.232780901375951714e+02
2.695931638464669504e+02
2.745390600427975869e+02
2.577779487679538306e+02
2.721824794803129635e+02
2.672717308085734658e+02
2.752966721220771547e+02
-3.672056871737012216e+02
2.604148050312970781e+02
2.689851408357687319e+02
2.694437106619983524e+02
-7.435567336434274921e+00
2.421932070722795629e+02
2.645976453644107096e+02
2.663478322560687275e+02
2.754387080584456271e+02
9.516224665824590545e+01
2.836420589248446049e+02
2.512506462297845076e+02
2.694280840365460108e+02
2.479886965266897505e+02
2.843085290205813180e+02
2.477174613551480036e+02
2.019843199282551893e+02
-6.648738683964290885e+01
2.307237521753403939e+02
2.430077902836360977e+02
-1.133200375280458161e+01
2.388341008825644849e+02
2.470524149275288437e+02
2.357615602701197304e+02
2.724900469044865758e+02
2.540667795113218972e+02
2.048790099752069978e+02
2.354176239353108997e+02
2.456910789519574223e+02
2.578775291071535776e+02
1.641125978668355287e+02
2.841389117021277571e+02
-2.839251551782333536e+02
2.758805317803544312e+02
2.711687287593897508e+02
2.370715143123365181e+02
1.752515483382355796e+02
2.214063005422597428e+02
2.439524719821860970e+02
2.211796836652472962e+02
2.221573813692616852e+02
-3.248036344408420373e-01
3.018257536110470483e+02
2.750484372466471541e+02
3.010987192211435968e+02
2.873559381636206354e+02
2.460376399874613185e+02
2.138947885342240625e+02
2.668729057819944046e+02
2.306300352444875159e+02
2.453932352171559330e+02
2.575205304364656058e+02
2.936187260963661174e+02
-1.337132206239171808e+02
2.292387662554826875e+02
2.547950247142246667e+02
2.640307891354509593e+02
1.834634802571783894e+02
2.174338119724202443e+02
1.858081689681156377e+02
2.398741052822840913e+02
2.965759642424203548e+02
2.787779136573052483e+02
3.079094212161759287e+02
2.852427339117205634e+02
2.819311183437180262e+02
2.790065527859808299e+02
2.721549856106319112e+02
2.580580415249724524e+02
2.777680161828998280e+02
-5.819475966508841225e+01
2.760713741813410138e+02
2.804021964801015656e+02
4.696826315477292724e+01
2.532600448235621116e+02
2.539730345134160530e+02
3.028180758984769909e+02
2.497688327827085288e+02
4.237834571544047435e+01
9.085780891305546447e+00
2.415521515534552748e+02
3.007065880503013204e+02
2.476768059632359211e+02
2.696304522306553508e+02
2.745741094586313693e+02
3.046953645271394180e+02
2.847222528518256013e+02
2.210109530284120467e+02
1.933986548939237196e+02
2.925192280278652106e+02
1.583866578019054430e+02
2.460132639502603524e+02
2.409561559794234711e+02
2.310103605576205723e+02
2.334809733817270114e+02
2.695521255269871403e+02
2.963351589805267849e+02
3.002274850595495082e+02
2.572098990462720849e+02
2.683678770178307786e+02
2.089270923122599015e+02
1.362030999006507841e+02
2.496420238698434275e+02
2.852030429270533887e+02
1.082655550161286016e+02
2.601023934968443996e+02
2.478224758082818369e+02
2.170181507768606934e+02
2.232676556917127186e+02
-4.516560549728126261e+00
2.753533962292010528e+02
2.882212995235020117e+02
2.739946733768069862e+02
2.537671467296859760e+02
2.742000873193584312e+02
2.437653740167310161e+02
2.607598556116944906e+02
1.338555975601975945e+01
2.489975423463695279e+02
2.783343005195553701e+02
2.360568223440512554e+02
2.326779221126722064e+02
2.375338078640536423e+02
2.635192598251891241e+02
2.321120343998238695e+02
2.945789136450896422e+02
2.366588978101952421e+02
2.904493247347921852e+02
2.623832940925318553e+02
2.511881864156809741e+02
2.375677697721527011e+02
2.499030677612668114e+02
2.953555203652512091e+02
2.084415426711643704e+02
3.187988289551752814e+02
2.696874157890187007e+02
2.550537497796424020e+02
2.202891829800906862e+02
4.152569084636365915e+01
2.779613310182385248e+02
2.643380351653600542e+02
2.903709574105967022e+02
2.677499138752464205e+02
2.463638131800077531e+02
2.711438795625161333e+02
-3.006368087764903407e+01
-2.113365928468738275e+01
2.529205438822365295e+02
1.427312240310071445e+01
2.819014199615809844e+02
2.426364268684749845e+02
2.763222582876202864e+02
2.328001300034945871e+02
2.427288954026919896e+02
2.410691187775198046e+02
2.346563307701837005e+02
2.384661841104263544e+02
2.694697041606769972e+02
3.002297948680180752e+02
2.828974110411714946e+02
2.042421787255986487e+01
2.684271904503765427e+02
2.733250183157749689e+02
2.456441907301315553e+02
2.659690848763548274e+02
2.630301557053517172e+02
2.994654995684379060e+02
1.515398935861799998e+02
2.612043650139257807e+02
2.658489802011815755e+02
2.399738135994660126e+02
2.911726804822781105e+02
2.649777725326994755e+02
2.853975460310704761e+02
2.563251647471937531e+02
2.672299674501660434e+02
-9.299940081059460795e+00
1.739170769339955882e+02
-7.416218171649283875e+01
2.544682082455212822e+02
2.689846837224880005e+02
2.755453924313611651e+02
2.925788734434601679e+02
-5.403640343570970117e+00
2.736969095164963619e+02
2.156659599712770614e+01
2.290408167929390686e+02
9.363531764673024327e+01
-2.349874469843517488e+01
2.636585584440969114e+02
2.368289766795152218e+02
