-3.427680115109735652e+02
6.592183668872038993e+00
-3.603123898464511399e+02
-3.878142250990560456e+02
-3.443984283626446654e+02
-1.717776848651757291e+02
-2.639367381513272903e+02
-2.101736987414632267e+02
-2.863814598972581962e+02
-3.612737905037565156e+02
-3.759160176721589863e+01
-3.936005220547016137e+01
-1.594580814139619633e+02
-1.947973968056784031e+02
-3.201620072435204634e+02
-2.834269334752544864e+02
-2.668229444092253289e+02
-2.782141116457796670e+02
-2.750374940790563301e+02
-1.069501600504242020e+02
1.570248941382853616e+02
-8.678368956519679500e+01
-2.052604669971943281e+02
-3.524576845977622952e+02
-4.211958700246597118e+02
-5.125542780786213370e+02
-4.277594140073202880e+02
-4.328634238445018241e+02
-4.630053562049371862e+02
-8.721056944140211726e+02
-3.572200732960629921e+02
-2.554205857447074663e+02
-3.504490318555831436e+02
-3.011942077517626899e+02
-1.188574427771008573e+02
-1.324293336974769204e+02
-8.386308115092942899e+02
-3.199511859993876897e+02
-1.231036470514956989e+02
-1.666103893304122039e+02
-1.158956344121124715e+02
-1.123839611442027149e+02
-3.820017227819593586e+02
-2.527539605036616308e+02
-1.282245937174407970e+02
-1.230673758138287042e+02
-1.924191321777314556e+02
-1.250421100931080645e+02
-2.023724265484768807e+02
-3.546759312015106502e+02
-3.502121417013239579e+02
-3.411261538583433435e+02
-4.519882158957307183e+02
-3.474666286682600003e+02
-2.926687307470334645e+02
-3.247478807099276992e+02
-2.486763310951208723e+02
-2.454400607851452207e+02
-1.784599960543007739e+02
-4.630441993596651855e+02
-1.138566086875522672e+02
-2.181982139964475778e+02
-4.016062099387830813e+02
-4.153384798353864085e+02
-3.969352559043701945e+02
-3.058965470704955578e+02
-1.886933878074245285e+02
-1.833955964974718427e+02
-2.557584906454541169e+02
-1.141103042570778996e+02
-1.888240612574734314e+02
-5.476614625700207739e+01
-3.419274407392376816e+02
-3.140348231764909315e+02
-2.897182768054855160e+02
-2.661496464986878436e+02
-3.555694428683259503e+02
-3.000003727795512987e+02
-2.552264787485915463e+02
-2.793254285570073421e+02
-2.645163341665231655e+02
-1.155362905889723351e+02
-2.663314170468489692e+02
-5.248650213620217642e+01
-3.223483876514771964e+02
-8.816311773309560351e+01
-1.781943958527526775e+02
-2.244896952542387112e+02
-2.153181868406547039e+02
-6.339199512568178818e+01
-2.101741030450140784e+02
-8.085792805085608848e+01
-3.446355528322308146e+02
-1.386609066298365178e+02
-9.890869590480774320e+01
-1.632328060471265587e+02
-3.538143838654817728e+02
-9.001049718660708265e+01
-3.852102787791693572e+02
-2.322439802873478243e+02
-2.576713534027388732e+02
-2.652773673304625390e+02
-3.829965742421809409e+02
-1.388654643569890368e+02
-8.160431742728709992e+01
-1.721344602675878548e+02
-2.081176279792856860e+02
-2.793708198054312106e+02
-9.859057669053942163e+01
-1.842243820362887163e+02
-3.675688700773110327e+02
-2.280787270249989547e+02
-7.935310603745610081e+01
-1.580273101516669101e+02
-1.610256732447561490e+02
-2.485332811689203538e+02
-1.669795899945605129e+02
-1.501919343859208311e+02
-3.143542401905000929e+02
-2.594400447564682395e+02
-2.203657244361017717e+02
-2.209562810875669356e+02
-2.188782293365200644e+02
-1.906687389222100251e+02
-1.030955013085917358e+02
-1.519171084705633348e+02
-1.273338439298646705e+02
-1.300295678378298874e+02
-1.070691792114446486e+02
-1.461161021061753331e+02
-6.509869201905077318e+01
-1.117632138038111975e+02
-1.427305401839817307e+02
-1.408841583165466602e+02
-1.660716060484480181e+02
-7.621280672135337397e+01
-1.372376751058340858e+02
-6.611369490936206716e+01
-4.922507319610646732e+02
-2.258388133025692923e+02
-4.754080507836242191e+02
-9.535506987466011424e+02
-4.378119489423268647e+02
-4.700939630818774049e+02
-3.482356218604189735e+02
-1.870805036894112163e+02
-4.803487843881690083e+02
-1.552389821461096631e+02
-2.149355703258859194e+02
-2.512697822109943218e+02
-2.251916570236473376e+02
-2.174041663547523626e+02
-8.721660509177397103e+01
-3.601761482020697258e+01
-7.555587953227109210e+01
-1.672613869576103696e+02
-1.010131283050366733e+02
-3.373080752870823744e+02
-1.332726027164697769e+02
-4.013930929056468813e+02
-7.156322339201653904e+01
-6.618105972233016132e+01
-1.695241391258842611e+02
-7.384255680756174911e+01
-6.242107421401934886e+01
-1.031030154741328602e+02
-7.944955292447674822e+01
-8.269330296296737970e+01
-2.844249631487682564e+02
-5.986750611049364323e+01
-3.057441283944537247e+01
-5.511202476131821726e+01
-4.729689081401868833e+01
-1.551650641461272926e+02
-1.120679734447940348e+02
-1.187870437101529433e+02
-2.153921386251311105e+02
-3.702220758997948025e+01
-2.243117380581367684e+02
-7.890966743660310367e-01
-3.826760170748714529e+01
-5.338017510954652778e+01
-1.413788370893186297e+01
-3.137865423129760956e+01
-6.263677748235248544e+01
-6.130495885522608432e+02
-5.668970371989137220e+02
-1.408512655387084749e+02
-4.741676805530968295e+02
-8.910038712717879434e+02
-3.850294292833877989e+02
-4.223126261998908149e+02
-3.297132444718579904e+02
-6.730291103547706371e+02
-4.632332529909950836e+02
-5.730654412141974490e+02
-5.752798813725261198e+02
-5.326465455659388226e+02
-5.698125184266316410e+02
-5.376426459992023865e+02
-1.491464401478648142e+03
-4.749540100693984641e+02
-4.710975477868806252e+02
-5.303491037844505627e+02
-5.233527224406607274e+02
-8.000505273668361497e+02
-7.143924334787964199e+02
-7.234929694307597856e+02
-6.691622330403998831e+02
-5.661301701680451970e+02
-5.462393274906905845e+02
-8.623908809365944990e+02
-4.286866977672187886e+02
-4.138523622527071097e+02
-7.295390097379578265e+02
-8.234041554976322459e+02
-5.109885169086168730e+02
-5.909312849174563098e+02
-4.704700305093591055e+02
-5.425464254179958061e+02
-3.842346743194100327e+02
-3.899327538452063777e+02
-4.197625857493085277e+02
-3.523257095943764625e+02
-4.553093954761400255e+02
-3.205130092037273926e+02
-3.231898960395499216e+02
-4.313773619607121645e+02
-3.946132057392971433e+02
-3.160197560755948416e+02
-3.357547265044579490e+02
-3.589926079587734762e+02
-4.423503086765525154e+02
-4.458215149684192511e+02
-4.007445696034314437e+02
-2.766016402799816660e+02
-2.359294549690695249e+02
-3.263616914964877651e+02
-2.821067394973726437e+02
-3.095491096736966483e+02
-3.260651913188844446e+02
-4.259749637004520082e+02
-3.046266088081798671e+02
-3.243617955162720818e+02
-3.636793901071061441e+02
-2.808108218788578370e+02
-2.914509922599506808e+02
-3.533021998235725505e+02
-3.003467528363201495e+02
-4.209046989851359513e+02
-2.735410456186521060e+02
-4.267151554625745007e+02
-2.575682434530712044e+02
-3.182658564349635526e+02
-2.161776955686556789e+02
-3.335667767431697825e+02
-4.666047529037498407e+02
-2.285841515408246778e+02
-2.350663146813999447e+02
-3.166116727379908298e+02
-4.352153746361315143e+02
-4.276465545007976061e+02
-4.348174962946198434e+02
-3.392834128201795352e+02
-3.612146120562304645e+02
-4.994720916006360198e+02
-3.204961890101436666e+02
-1.757646209532573494e+02
-3.216697323722043507e+02
-2.594637878352897360e+02
-2.350431539759723023e+02
-3.806782863436636717e+02
-2.069720573186621664e+02
-4.072653726564959697e+02
-2.411571105159471244e+02
-3.678034761768488465e+02
-3.742092539329815963e+02
-3.675985612107728571e+02
-6.619574848022634797e+02
-4.330409352925391318e+02
-6.895306719147790773e+02
-2.208465896065026755e+02
-1.983841379000715222e+02
-3.540015790549422263e+02
-3.108721798428805414e+02
-6.596968128663356765e+02
-2.633706135003568534e+02
-3.716220492503583728e+02
-3.226144912433452419e+02
-6.432760704717952649e+02
-4.010687665607710528e+02
-3.315338950545327066e+02
-2.984572955238053282e+02
-1.613865021771447914e+02
-4.945033609105713595e+02
-5.712998919319886681e+02
-3.917494139001141207e+02
-3.568462046015119427e+02
-3.177801184389408604e+02
-2.323796052009878395e+02
-4.901528237034105473e+02
-1.264214865656195741e+02
-3.111536285140402356e+02
-8.754452318851875248e+01
-1.389000465248493015e+02
-2.814735248335723554e+02
-3.810699977068548492e+02
-4.644697344390379499e+02
-2.492856764857622238e+02
-2.639037300373374819e+02
-3.919516758754746206e+02
-2.573409350358195411e+02
-5.592288114833058899e+02
-7.731073148266343651e+02
-2.908115791021152745e+02
-4.307445260901155279e+02
-3.057618827290045829e+02
-3.802910107016272150e+02
-1.910642004999571100e+02
-3.832049248254759846e+02
-4.748436325943063707e+02
-1.042110052779382130e+02
-1.180653792267806210e+02
-1.163204752362139800e+02
-9.373610990857746117e+01
-3.296896664621517630e+02
-2.093916558475030172e+02
-1.582147625746324309e+02
-3.071848104834605238e+02
-8.982741323305074843e+01
-3.510963962282076523e+01
-7.856498938685928124e+01
-1.409076534336625741e+02
4.651683859042258717e+01
1.460757580857567461e+01
-3.148348050467503185e+02
-4.891030662795503581e-02
-2.583666203619866337e+02
-9.250423618407673132e+01
-2.891830349973103580e+02
-1.683761919055583789e+01
-2.676721738208579495e+02
-9.112554026181471727e+02
-6.016991994436700679e+02
-3.135030278182956636e+02
-1.716743621423866557e+02
-5.863730049970379241e+02
-5.240405147469533631e+02
-2.351617302641580807e+02
-1.073889052227539878e+03
-8.079951641605592272e+01
-3.711852604149848958e+02
-3.796375969575165072e+02
-3.026386509270869283e+02
-4.454707632849062406e+02
-3.325464899482805663e+02
-1.726272925960218458e+02
-2.976607988785997350e+01
-2.443238347459096929e+02
-2.393996416141208101e+02
-1.219007182389179604e+02
-7.411619172982869941e+01
-1.052065617081637328e+02
-3.271216311625572644e+02
-4.794928009040605161e+02
-1.188295346361459650e+02
-1.476730355249568447e+02
-2.280763739665219987e+02
-4.131175174548127984e+02
-2.471105635474850715e+02
-3.209591795983479301e+02
-2.444182491167533442e+02
-1.938535062194223428e+02
-3.140219611871179950e+02
-2.250702089325191935e+02
-2.360571456274560092e+02
-2.406229692228495765e+02
-4.106595965690325443e+02
-2.252121065127349766e+02
-2.092909932188528046e+02
-2.569242104846592269e+02
-3.028029080248071523e+02
-2.272175401129501324e+02
-1.943217177852559985e+02
-2.311982513339214904e+02
-2.197261560486569465e+02
-2.251895845357782378e+02
-2.215539700383787363e+02
-2.927808831476431806e+02
-2.904411770179905261e+02
-4.201478809371177476e+02
-1.641913668655077174e+02
-1.791204130735029594e+02
-8.679509765078253167e+02
-4.741691235181022535e+02
-3.752940690386598703e+02
-1.567474223421429542e+02
-3.157043210528773898e+02
-3.256647002035580840e+02
-2.950242138094959046e+02
-1.809893390470746795e+02
-2.660202107017738058e+02
-2.595613379591850958e+02
-2.836525748682251447e+02
-2.544267338586026597e+02
-3.673669009482998717e+02
-1.269039597222695761e+02
-1.765106291646685577e+02
-1.612390978502602934e+02
-1.822771892688431876e+02
-1.687842893728549143e+02
-1.661795550606972824e+02
-2.321313028918268913e+02
-2.253390299481173145e+02
-2.037663253458761687e+02
-1.747276553625534916e+02
-1.791592363300120496e+02
-2.885424305407889847e+02
-4.653113978750796491e+02
-4.555549066695035663e+02
-1.012518330149118100e+02
-4.618827587935171408e+01
-3.305392752410439243e+02
-3.126828369159186423e+02
-2.719324647892231042e+02
-1.145733258113365309e+02
-1.974026670972041870e+02
-1.503227995453946733e+02
-1.321884617299319018e+02
-1.134193318810206819e+02
-6.973968174074103388e+01
-3.984234644486398906e+02
-4.732185603222940813e+02
-4.545774190200293106e+02
-3.447867770648444434e+02
-9.228282437360680035e+01
-3.290398418694824159e+02
-2.195318396833186512e+02
-1.590591718723254075e+02
-2.228078651882074155e+02
-4.005638859724236909e+02
-3.090007468276241980e+02
-3.212899912793536146e+02
-1.767640464754369418e+02
-1.789083173802780493e+02
-8.697202820473040674e+01
-3.106685612776662992e+02
-3.557413368451749989e+02
-6.579392465964772327e+02
-3.490849330970925166e+02
-3.340946005788315460e+02
-2.866674450122172857e+02
-2.898740798141490131e+02
-2.861450964771313465e+02
-1.613882999029413554e+02
-1.327461183443597292e+02
-4.376018875367034298e+02
-1.972991223023453813e+02
-4.177196010522368397e+02
-3.054697237059190229e+02
-3.618999325521662058e+02
-4.133089815992366312e+02
-2.345707205814039185e+02
-3.950573941960852835e+02
-2.337053199002453425e+02
-2.314591958300107137e+02
-1.332012781368895276e+02
-2.572137677926017432e+02
-2.450142618889202879e+02
-1.395877435262451627e+02
-2.426878858876074503e+02
-1.640479843224247531e+02
-1.431534650520081300e+02
-1.776981030157566579e+02
-1.617973209070636926e+02
-2.093573580233260145e+02
-1.218983595266923658e+03
-3.768404620440569488e+02
-6.000939651078763291e+02
-3.533039934860304356e+02
-4.343125067144121090e+02
-4.076567016976978266e+02
-4.867725840230298786e+02
-4.435706422239364883e+02
-2.027292811014142728e+02
-2.174188560271751101e+02
-1.864940266320809599e+02
-3.751413429890436078e+02
-1.931824710482731575e+02
-3.305166465247489214e+02
-1.800757230774371237e+03
-6.736338302833839862e+02
-5.200626104076372940e+02
-8.539719898348167817e+02
-8.021693050690863629e+02
-5.140299399559798985e+02
-2.585287405577881827e+02
-3.573124628489933912e+02
-3.225051564108916295e+02
-6.220843638107463676e+02
