-5.609457874711779368e+01
-1.220686327210857485e+02
-1.171400739199109466e+02
-1.794507846886005780e+02
-2.424773277783517074e+02
-2.201951083647522012e+02
-2.270132103204102521e+02
-2.121481595579308532e+02
-2.490408532503836057e+02
-2.553620425980615494e+02
-2.664968632210595842e+02
-2.676530440304526337e+02
-2.611718698040181721e+02
-2.497754896303339933e+02
-2.609277180812643451e+02
-2.558777311151623053e+02
-2.491978354130066293e+02
-2.267267720700325810e+02
-2.165334323412079414e+02
-2.022697167758358034e+02
-1.976024388409000778e+02
-1.954210770923065184e+02
-1.909832523142249840e+02
-1.877348957091265618e+02
-1.842257150500851708e+02
-1.830640412285905541e+02
-1.821490406581911259e+02
-1.782987014115180671e+02
-1.825020686143829778e+02
-1.810885186060168621e+02
-1.779847938477017522e+02
-1.752095351815667073e+02
-1.746659648392723057e+02
-1.715481111618293539e+02
-1.764279956765629720e+02
-1.739722869759379194e+02
-1.697988327586361947e+02
-1.685570125363715306e+02
-1.655962923333737251e+02
-1.617508326882013137e+02
-1.592894688817651456e+02
-1.561502815459620592e+02
-1.525352734344068892e+02
-1.550557812242375917e+02
-1.604050757227981876e+02
-1.580010482224110717e+02
-1.551591746828948430e+02
-1.541245440019646367e+02
-1.511228739534767556e+02
-1.492626949526706426e+02
-1.473933075507300146e+02
-1.498260357267881204e+02
-1.481972798874333535e+02
-1.440930219389375679e+02
-1.463465914728626558e+02
-1.470460104372248793e+02
-1.460286069876326280e+02
-1.449690297448916851e+02
-1.432907166977203985e+02
-1.418103501305171221e+02
-1.409694002293915958e+02
-1.397133969527813804e+02
-1.380589226605110582e+02
-1.369998895560135566e+02
-1.356717654886972184e+02
-1.335777841033160769e+02
-1.331931727812754787e+02
-1.295469593207058665e+02
-1.280106841825129322e+02
-1.269283009427218616e+02
-1.260593280810948045e+02
-1.232983882942483547e+02
-1.191678013218191410e+02
-1.186898548242364484e+02
-1.205647426845112022e+02
-1.208079501916805469e+02
-1.205804912082762570e+02
-1.200921974067372417e+02
-1.169633778648904752e+02
-1.142922519248243987e+02
-1.121546719403270060e+02
-1.116164077533116483e+02
-1.105537198212280572e+02
-1.067533271423864960e+02
-1.034814107621873802e+02
-1.025414689793272629e+02
-1.018516518949830356e+02
-9.896883079563143326e+01
-1.002868515151215121e+02
-1.001149975579134832e+02
-9.900482148277163219e+01
-9.852537168222328035e+01
-9.848326016979832787e+01
-9.790081414582560626e+01
-9.743353888247955297e+01
-9.770964204697970956e+01
-9.695005738163496289e+01
-9.494043295642111957e+01
-9.225433551493024709e+01
-9.193862050559486931e+01
-9.140431627833595485e+01
-9.029139248627693348e+01
-9.059405269375032788e+01
-8.553707721787085916e+01
-8.178379519953682575e+01
-8.174229918531119665e+01
-7.700118711357710310e+01
-7.913647681231407205e+01
-7.612655390743073269e+01
-7.491040547848720621e+01
-6.897122876189609997e+01
-6.511983386114681593e+01
-6.176650031886659065e+01
-6.433502138848848517e+01
-6.278928924612769435e+01
-6.160161589946035576e+01
-6.297661194716728517e+01
-6.281436268623100005e+01
-6.394355012627921298e+01
-6.549530027150539979e+01
-6.483838055943749623e+01
-6.348330693057808105e+01
-6.328385975633668181e+01
-6.057695059192141684e+01
-5.989346150740547614e+01
-5.787362903333016106e+01
-5.678205295432520927e+01
-5.680566170834472928e+01
-5.453376622221797021e+01
-5.402280817457235429e+01
-5.169748420289803192e+01
-5.084720838272829724e+01
-4.719040466044026516e+01
-4.692649156041482428e+01
-4.543680663861150038e+01
-4.494041320518554983e+01
-4.232043942716263984e+01
-3.915143566444960754e+01
-3.656461014632251505e+01
-3.673646226838098272e+01
-3.461990201705716430e+01
-3.462343092299704495e+01
-3.515206610328532832e+01
-3.544683243259633088e+01
-2.970157864833394257e+01
-2.776451891014145090e+01
-2.552058501430878934e+01
-2.267221431790592590e+01
-1.978769035551163924e+01
-1.701933594061493693e+01
-1.719707428104544178e+01
-1.200862582928312428e+01
-8.834360173724032705e+00
-8.079612677319886416e+00
-3.475140377179696483e+00
-1.955917031521607230e+00
-2.081944371709024466e+00
3.027899316655247031e-01
2.750371997259412726e+00
5.571682779469170121e+00
5.939542490129155361e+00
5.969353137500764461e+00
8.595317543294102691e+00
9.074872691320205575e+00
8.801586444509421625e+00
1.023744913413670332e+01
1.070058667096289895e+01
1.097896692970403798e+01
1.087313351769800107e+01
1.340878760316105911e+01
1.333661505164690020e+01
1.250184643713941490e+01
1.077328780072135928e+01
1.349376561707304489e+01
1.335728002040324469e+01
1.533592870804253394e+01
1.459093925357629651e+01
1.428115144316932827e+01
1.252053261119979410e+01
1.310648911721253640e+01
1.255565421850556085e+01
1.337970343887624125e+01
1.511282989708092828e+01
1.461213337031850124e+01
1.443275810325900643e+01
1.402421272677897690e+01
1.423397801510557237e+01
4.438004281308937315e+00
8.451253661118641958e+00
9.032880726615994504e+00
1.076845546923482821e+01
1.000973491214370803e+01
1.041583467879242164e+01
1.194524937829400457e+01
1.429371108347957531e+01
1.503114802628900826e+01
1.663698646205606835e+01
1.580908913428434026e+01
1.605138240224336244e+01
1.843063517962525921e+01
2.062157350628503849e+01
2.366196181817472421e+01
2.644581042799554282e+01
2.549376455217049653e+01
2.841725196049607760e+01
3.134784023678230369e+01
3.098285179298498448e+01
3.646353299284172067e+01
3.750567365404551623e+01
4.073443841268821330e+01
3.802461566507241741e+01
3.859042807215193704e+01
3.744227728938738409e+01
4.081313880289458496e+01
4.304764190328095452e+01
4.318362511736790310e+01
4.832485770347976484e+01
4.858281035139023629e+01
5.197941527090863900e+01
5.453133743663246946e+01
5.725939198582920397e+01
5.713970930137924142e+01
5.956883936568674187e+01
6.017721668921164735e+01
6.288293617152368853e+01
6.475073623095029518e+01
6.435978881582505551e+01
6.513021922676486497e+01
6.765421995534975963e+01
6.847274026657665047e+01
6.917729812378738075e+01
7.153578489889339664e+01
7.173174117556533247e+01
7.140359341055753362e+01
7.595486709350808496e+01
7.889957224288406223e+01
7.869604818537388269e+01
7.652257785097691567e+01
7.429658821554855308e+01
7.674311627425947790e+01
7.658372175019285066e+01
7.692648631354256850e+01
7.941369925579786582e+01
8.511825383009862378e+01
8.548948904438128693e+01
8.636824220773138450e+01
8.592297750241479548e+01
8.583393497939746908e+01
8.196268882896647767e+01
8.243932233111141272e+01
8.573000706894626433e+01
8.541267685651273212e+01
8.494650705109702926e+01
8.574626117010025439e+01
8.590758329561472806e+01
8.855769196296718349e+01
8.965226685007085905e+01
9.049125779051310303e+01
9.065219657608787429e+01
8.667753890339805878e+01
8.927362657198833062e+01
9.257394115047925709e+01
9.225718363469792394e+01
9.494322630279388875e+01
9.812522575385038692e+01
9.905086989416867027e+01
1.024869681082314088e+02
1.031885506007822926e+02
1.047959025557218382e+02
1.043355168065341303e+02
1.073461347786640374e+02
1.096442672956849549e+02
1.113280164326922232e+02
1.115373820380154939e+02
1.145583531833848099e+02
1.167647898797704187e+02
1.207829201881367993e+02
1.238390503225285642e+02
1.265236310297005673e+02
1.228157866967772378e+02
1.249274530735197146e+02
1.270765950114766412e+02
1.277469486726760977e+02
1.289269842148353860e+02
1.297746247502875576e+02
1.331407961756671057e+02
1.334443555676961353e+02
1.414872202963246366e+02
1.403287039629627486e+02
1.429977974711354136e+02
1.440605127487552011e+02
1.471864653312096323e+02
1.503398505478930076e+02
1.513151674958677688e+02
1.519077656956824569e+02
1.540641666727713357e+02
1.553093644890353460e+02
1.576028996884421076e+02
1.573893479947655862e+02
1.571523030030470238e+02
1.569188097594221460e+02
1.566139618969897072e+02
1.542016929958875551e+02
1.563846904401860343e+02
1.570557424092448287e+02
1.578438069381653577e+02
1.586338481326702947e+02
1.586668426155233362e+02
1.623378675692399327e+02
1.633199664996903664e+02
1.661274641809256423e+02
1.670356273511622192e+02
1.691522027421409575e+02
1.714766699004611894e+02
1.745352195689751227e+02
1.775697952291782258e+02
1.771013861668672291e+02
1.767045433420588267e+02
1.766443667360077825e+02
1.776746586581064093e+02
1.772784828299306810e+02
1.798869227666904749e+02
1.811254051570823833e+02
1.814024431277117344e+02
1.809555062905492662e+02
1.810614634407330925e+02
1.847139252134114713e+02
1.875954234007443233e+02
1.879637594477512437e+02
1.906204744172624430e+02
1.908788421020313422e+02
1.911887184405846085e+02
1.891746722161050229e+02
1.923397371590864395e+02
1.925115484986285708e+02
1.917517278137469532e+02
1.920356094887886513e+02
1.947096699642339388e+02
1.965564910108433025e+02
1.944555458860581609e+02
1.961601298829109510e+02
1.986344490413671053e+02
1.993102279042566067e+02
1.989691464645593726e+02
1.990603506267295586e+02
1.991207080835140744e+02
2.000752042857061213e+02
2.006892104762349049e+02
2.044184235481569374e+02
2.039936280416446550e+02
2.040506072336051488e+02
2.044425047308052683e+02
2.051544740906944639e+02
2.053151601186997084e+02
2.056453199753674141e+02
2.059094427975997803e+02
2.081566732388123739e+02
2.086281888918644825e+02
2.089208907302333955e+02
2.132358470887363353e+02
2.137069168140985767e+02
2.134565182980159932e+02
2.142647142997327592e+02
2.142217871836521681e+02
2.142860091228678243e+02
2.146868001114725075e+02
2.138762776915453401e+02
2.145418689323461194e+02
2.159329143277778371e+02
2.166642342111467485e+02
2.169806337834736780e+02
2.172658059536846054e+02
2.179955089492663376e+02
2.184828971829694524e+02
2.205918119120790379e+02
2.203462955935240473e+02
2.206126739786446080e+02
2.210992961685871023e+02
2.219068322375964044e+02
2.265770353573344664e+02
2.270564152619089953e+02
2.248921520639821665e+02
2.248553900619471051e+02
2.245968202434850127e+02
2.249244715684791061e+02
2.247964558823607888e+02
2.270628670965644176e+02
2.299786654493948674e+02
2.317404027067289576e+02
2.314348128684431742e+02
2.312006371415185981e+02
2.320313258209142759e+02
2.317549316195001268e+02
2.321155136549932934e+02
2.319766289339699483e+02
2.328067293020131956e+02
2.327567759111025225e+02
2.330314607639590747e+02
2.336628345543196588e+02
2.345872275706522601e+02
2.352733159429955663e+02
2.357260671669032774e+02
2.393448185297280304e+02
2.392948234172223181e+02
2.394794766572114781e+02
2.393826381125655871e+02
2.396260839374187981e+02
2.398135082480513347e+02
2.395699666908608663e+02
2.399272238831120205e+02
2.407385369176304550e+02
2.369123062661604422e+02
2.366772679176575593e+02
2.370885416914335622e+02
2.369515270623718948e+02
2.362814503396525083e+02
2.368114897868716184e+02
2.380268439187365175e+02
2.384642680318100361e+02
2.375244343653646411e+02
2.382163604421402567e+02
2.382897232434861223e+02
2.380880124530016815e+02
2.381532607284995606e+02
2.377527838166182050e+02
2.369330364510520894e+02
2.367973425050256537e+02
2.364080685712503680e+02
2.370205258634684355e+02
2.372642732319869481e+02
2.373513930975976223e+02
2.371011494047580754e+02
2.395752128531619860e+02
2.400768639461269061e+02
2.394284777931416954e+02
2.395288934381713659e+02
2.394484991024142175e+02
2.396475590156499322e+02
2.398896828341834180e+02
2.423052665067087901e+02
2.418891312368969011e+02
2.419995184379384909e+02
2.420720213359693389e+02
2.424355880770790179e+02
2.427195910765200040e+02
2.422277215056604405e+02
2.423372191313764858e+02
2.425419047674952822e+02
2.424799104492166180e+02
2.426565791883655834e+02
2.428205956859768548e+02
2.426993620175007607e+02
2.428829304725653628e+02
2.430907044589370969e+02
2.434263990849338484e+02
2.434169670900726032e+02
2.436112102979224687e+02
2.409857141074844833e+02
2.407798472642538741e+02
2.406494767709459950e+02
2.402732965168600288e+02
2.400061576774774892e+02
2.392973585180515101e+02
2.391063669144101311e+02
2.391953517373311513e+02
2.386867202836443198e+02
2.396605240288902792e+02
2.390822136201020101e+02
2.392053962562254412e+02
2.371791965136486056e+02
2.371577886601695297e+02
2.348591108638759124e+02
2.348540010686367623e+02
2.346711735735970308e+02
2.346807175233938096e+02
2.347718761462720067e+02
2.350754982873396557e+02
2.351727163555632671e+02
2.348033642297344272e+02
2.347842135986359722e+02
2.344106726403883272e+02
2.365914710499220064e+02
2.369960022649637210e+02
2.370013142700616982e+02
2.363756533016328376e+02
2.367772806648673338e+02
2.371650576304501783e+02
2.367093390221658353e+02
2.368639903121566022e+02
2.373351477917468912e+02
2.371547066667941976e+02
2.357530692783145128e+02
2.355014108961871102e+02
2.350229368047461662e+02
2.349263704061274609e+02
2.347985992146010119e+02
2.345908649293756127e+02
2.337533550050558802e+02
2.340548143573941786e+02
2.272288142053317017e+02
