-1.143415322329110211e+02
-1.945291551190155133e+02
-3.250214296931229114e+02
-2.379102553601725845e+02
-2.263861078958788653e+02
-2.071814176293869423e+02
-2.094263064052878178e+02
-1.901843339738558143e+02
-1.738485269422295403e+02
-1.568964376819502604e+02
-1.620520167956214834e+02
-1.511703372798650662e+02
-1.406510449897809281e+02
-1.449904116752249479e+02
-1.461267274454371261e+02
-1.380764121779010338e+02
-1.288978220098091469e+02
-1.322713531086602643e+02
-1.322303188053992073e+02
-1.228533734882195603e+02
-1.170257184358639648e+02
-1.109798154121833136e+02
-1.050999341607282105e+02
-1.043417603316882634e+02
-9.872809406617432160e+01
-9.693279034398327099e+01
-9.281660477737344195e+01
-8.994373853655568496e+01
-8.578247893414308578e+01
-8.449990128900672914e+01
-8.135957096859756632e+01
-7.889296371442770806e+01
-7.713634542642171255e+01
-7.643517487482748152e+01
-7.408960204934635385e+01
-7.128274771627565087e+01
-7.035329769674572731e+01
-6.902690848924174816e+01
-6.701302033270624747e+01
-6.536207203470573290e+01
-6.381539876625532770e+01
-6.181930895609767873e+01
-6.028152427870070085e+01
-5.826188076001237448e+01
-5.641846922859321012e+01
-5.478251059652202315e+01
-5.572819645335596306e+01
-5.404766660974687653e+01
-5.282580156273825622e+01
-5.163627702128626140e+01
-5.071417179436828349e+01
-4.929771641506114577e+01
-4.782876711110020551e+01
-4.624913019301110495e+01
-4.509366670739095184e+01
-4.399662523250211876e+01
-4.358401210735272713e+01
-4.340195925280487899e+01
-4.289545570044462863e+01
-4.170514543170369848e+01
-4.107891390307999302e+01
-4.043817127771037434e+01
-3.912131813969924110e+01
-3.830858401567910221e+01
-3.787973396102959356e+01
-3.704456708896003647e+01
-3.617505297317164548e+01
-3.488423721666377730e+01
-3.428519143386014889e+01
-3.448500625187666913e+01
-3.404822209170180969e+01
-3.391334459628116349e+01
-3.336092281161069906e+01
-3.215801412317121333e+01
-3.154465101814815498e+01
-3.110206499447000539e+01
-3.127100793366919973e+01
-3.041036569864490957e+01
-3.032571883810294722e+01
-3.004711973821671478e+01
-2.907310050590957928e+01
-2.803791385238939782e+01
-2.725910852629100845e+01
-2.640392215301250545e+01
-2.564471540729041266e+01
-2.467232359158889921e+01
-2.360236391855624660e+01
-2.334042392906559371e+01
-2.259510674223220406e+01
-2.162790561156773350e+01
-2.076352264012404447e+01
-2.014541491306741960e+01
-2.026802456210096182e+01
-1.954572901235720650e+01
-1.872385308418624561e+01
-1.832239244769044362e+01
-1.775295091294695382e+01
-1.679211393788319384e+01
-1.576381606709674621e+01
-1.505319454190039963e+01
-1.338367033436468034e+01
-1.020539895336075631e+01
-3.730119941160671804e+00
-3.386648844971857475e+00
-1.603144866839572025e+00
-5.485037160433762354e-02
2.428710016343920142e+00
3.466549300973526204e+00
4.246848118392772875e+00
4.951817327758265108e+00
7.438839498664211902e+00
8.502729196985633564e+00
9.518525728002744657e+00
1.189671626096449053e+01
1.426931477704102491e+01
1.273430634714337373e+01
9.884681335044476214e+00
1.007479779626153871e+01
1.141865815294921305e+01
1.120547772770353667e+01
1.134378822765423855e+01
1.202173963210432284e+01
1.259950504528169013e+01
1.484825197265168484e+01
1.497467716061315990e+01
1.610697545849889067e+01
1.466987543721143794e+01
1.515536292855997935e+01
1.548231567674081788e+01
1.624218277388942155e+01
1.599065163991529737e+01
1.670688321738623117e+01
1.730556575232363059e+01
1.823219645196675032e+01
1.843817597526512486e+01
1.872404445587714150e+01
1.991458386227785482e+01
2.076177078607490500e+01
2.073471807489425345e+01
2.137501895530263951e+01
2.176766112062784941e+01
2.202352689619877779e+01
2.257728729543446633e+01
2.311681955201287408e+01
2.334252535087563629e+01
2.366581251055645296e+01
2.492241121424563488e+01
2.539583153883988942e+01
2.602638819600253584e+01
2.641801698239769536e+01
2.732503168893081380e+01
2.751420849534102686e+01
2.766765281956156741e+01
2.792034220536386258e+01
2.836980770113679995e+01
2.931324699490217256e+01
2.997413697249296405e+01
3.075459077608401159e+01
3.157740463878857895e+01
3.201391434282719217e+01
3.295535354403858719e+01
3.377116681970338163e+01
3.400661502548839366e+01
3.457397364098503800e+01
3.539979378323815240e+01
3.602317750045440192e+01
3.658798128698806096e+01
3.678554757253091623e+01
3.705834469460525327e+01
3.881107767983680645e+01
3.975433310030471290e+01
4.078295387810564421e+01
4.136086464304916888e+01
4.142937217949258155e+01
4.189264121935015339e+01
4.203448406806096216e+01
4.313278254465232919e+01
4.349650851465065671e+01
4.426686334293597014e+01
4.470331013505678897e+01
4.560694831588372722e+01
4.537040187006866176e+01
4.544753805167802341e+01
4.605353026255777849e+01
4.640371188315533146e+01
4.692716687130242548e+01
4.625058125080429505e+01
4.675570818416645835e+01
4.657133092295801191e+01
4.713859348293089369e+01
4.698979791756254798e+01
4.754256518991953584e+01
4.865919149581755931e+01
4.879807950899540003e+01
4.883785186220732299e+01
4.957392053552671030e+01
4.992833713302879772e+01
5.010820322840004337e+01
5.034426488058252147e+01
5.048611406940557345e+01
5.061698234650936001e+01
5.135153342582952263e+01
5.147390584992925255e+01
5.127748291295178262e+01
5.160623145944353496e+01
5.143203039058757042e+01
5.181629196298185036e+01
5.229928210345818940e+01
5.302951958367593477e+01
5.332850328414494356e+01
5.428353924966664579e+01
5.387000611769684610e+01
5.211396811299866982e+01
5.225172259040670042e+01
5.256923256519473142e+01
5.512005965107132255e+01
5.884420497368352443e+01
6.161607585231325146e+01
6.231905043494109719e+01
6.262080451048504415e+01
6.347044812632213251e+01
6.339596894819366923e+01
6.289999567692614590e+01
6.275926927169948755e+01
6.266345070017687391e+01
6.218108674648282630e+01
6.386052624056138427e+01
6.452093906595476369e+01
6.454479028514072070e+01
6.532919988980884796e+01
6.619712170570169008e+01
6.628982737134914771e+01
6.651679956846632535e+01
6.664913482651644472e+01
6.704417402322300745e+01
6.707512845357292974e+01
6.705031756461275450e+01
6.741510839343465022e+01
6.764847378055949889e+01
6.766324258355004417e+01
6.791348406470950749e+01
6.813933388572800709e+01
6.826263336666781356e+01
6.810702507590532662e+01
6.824109755906940222e+01
6.896487353970418610e+01
6.943606884194812778e+01
6.919754000878157285e+01
6.943497580156878257e+01
6.941502042151675766e+01
6.965104977861626878e+01
6.988741867749158132e+01
7.046540903146548374e+01
7.032185645403606600e+01
7.093406662309791955e+01
7.075330336697177813e+01
7.086394705597736277e+01
7.135292675128231110e+01
7.136378733330398916e+01
7.131686813581426065e+01
7.147386601851876264e+01
7.166809791175757027e+01
7.188323391248677297e+01
7.217126897906324245e+01
7.224456562787787561e+01
7.197324400582212434e+01
7.191709929785231736e+01
7.156966569976269454e+01
7.259310388637190670e+01
7.242454402420578674e+01
7.208280637109483280e+01
7.219855151794389769e+01
7.251300496950823060e+01
7.255395667694547512e+01
7.285868280391551366e+01
7.410815540448119521e+01
7.494267253791591088e+01
7.466516160726916951e+01
7.467766041296869162e+01
7.491237584542523109e+01
7.433107315498783407e+01
7.529931047745454009e+01
7.606107695622765164e+01
7.589213654626406935e+01
7.589849662086216142e+01
7.576450657243697151e+01
7.657230483655706621e+01
7.701714954529296620e+01
7.715494700065913491e+01
7.653600879827894232e+01
7.674781140704452298e+01
7.678620203814330125e+01
7.707587180606395805e+01
7.688611505674781199e+01
7.696513463992489790e+01
7.713562260527254466e+01
7.674720736254960229e+01
7.654184803264084280e+01
7.616101491419851754e+01
7.660189245099422806e+01
7.666655644169235018e+01
7.599306110514397972e+01
7.610887945333753635e+01
7.655051418027774446e+01
7.704807874986607885e+01
7.735477290600924505e+01
7.757512369819082210e+01
7.776054851057948269e+01
7.725697496887329407e+01
7.691318076012936444e+01
7.598196735569374027e+01
7.645814948161464031e+01
7.838676696147027201e+01
7.891059459285091293e+01
7.870949365710477252e+01
7.853411746954203920e+01
7.736088268507664623e+01
7.713470953941580888e+01
7.675995385336180732e+01
7.681833398610409347e+01
7.678985767783747463e+01
7.665848201613788149e+01
7.728083600952065524e+01
7.693358279109256159e+01
7.740476340613082584e+01
7.831223055143750855e+01
7.869991436099091686e+01
7.842415691213125228e+01
7.858292402555025546e+01
7.829287372808651924e+01
7.844488606292590305e+01
7.857342385567443444e+01
7.859826594050691995e+01
7.881195531104171437e+01
7.896831199396000045e+01
7.920703366344019969e+01
7.940055053181505684e+01
7.955229244445877157e+01
8.041165852037642026e+01
8.053356086554576621e+01
8.071134863108011359e+01
8.127488218486958260e+01
8.135974342566200335e+01
8.081924583485559310e+01
8.108920598806572855e+01
8.098223968572995091e+01
8.100161234068485783e+01
8.153032598675248721e+01
8.172162400755415490e+01
8.257280384056554112e+01
8.192112145065186724e+01
8.236743031162795603e+01
8.233869634308568664e+01
8.270654574939882764e+01
8.265451522805707896e+01
8.262790696497606291e+01
8.291530651408668007e+01
8.308208462386683379e+01
8.282706309370024655e+01
8.287969449127754729e+01
8.246071916482952702e+01
8.244757489548372575e+01
8.237672427299757771e+01
8.221709986166152362e+01
8.225397931554907416e+01
8.233436172895108029e+01
8.244542669452829387e+01
8.253086163319612467e+01
8.223879198132954116e+01
8.159196381519099361e+01
8.146462395566778980e+01
8.149150690330448299e+01
8.148902701281323857e+01
8.168229010554115632e+01
8.134488763064459249e+01
8.027909437105218160e+01
7.999700634394700671e+01
8.056513197420147776e+01
8.108259020856274901e+01
8.146688972987003297e+01
8.172932301472040706e+01
8.113942288185553764e+01
8.067079498179754182e+01
8.073337551322983074e+01
8.001795105869675240e+01
8.007937742816990578e+01
8.032389638277849997e+01
8.037171988676308843e+01
8.078065417113145941e+01
8.087776724920004767e+01
8.114814355092708809e+01
8.122439193467451446e+01
8.115185940889979577e+01
8.167041958907022092e+01
8.214380026479862806e+01
8.187611867470917559e+01
8.232883490196387299e+01
8.200379767267260434e+01
8.214481242166657182e+01
8.048325230494918969e+01
8.040358432699156310e+01
8.055387119400009510e+01
8.015716868816794261e+01
7.993180752963066027e+01
7.978406497465257985e+01
7.912233932953112969e+01
7.911204481354658924e+01
7.851668355764051910e+01
7.881136246567531600e+01
7.884074043851227032e+01
7.912715743895631704e+01
7.924701559155788289e+01
7.891870431787674534e+01
7.846539198202194143e+01
7.863892017493424191e+01
7.857229445017435410e+01
7.977888402397657330e+01
7.994630616794928812e+01
8.042249212257539170e+01
8.095519115999645976e+01
8.098490300780926532e+01
8.153383362121195432e+01
8.160219534926548590e+01
8.131190516398847024e+01
8.110071197207517457e+01
8.104695866677585059e+01
8.079981303877231369e+01
8.094638076277878724e+01
8.104371175790581106e+01
8.091612084466478905e+01
8.070301842491529953e+01
8.061349205749962721e+01
8.089297528694216055e+01
8.127292863932119360e+01
8.148413917252422323e+01
8.136404509553673847e+01
8.094085505552517645e+01
8.068400255858853143e+01
8.086914025752646751e+01
8.087779970507087057e+01
8.106257952359089813e+01
8.076278299258265747e+01
8.099723790148119917e+01
8.225416231680985391e+01
8.263424510720130911e+01
8.238545146371617989e+01
8.245841471477694995e+01
8.295587319030580886e+01
8.295566718776230175e+01
8.280506749870777128e+01
8.333362999506950075e+01
8.335119604377979385e+01
8.300593363292294669e+01
8.329826115488528160e+01
8.312196886468535695e+01
8.275271563744296088e+01
8.259120694064957036e+01
8.251462438573709335e+01
8.342637159327814800e+01
8.420856035377026672e+01
8.462626006038168214e+01
8.461437195732344207e+01
8.499040568648763383e+01
8.488523519254940197e+01
8.520464697793011055e+01
8.559927707807406705e+01
8.594378754471880200e+01
8.658730795198134444e+01
8.680924213580928495e+01
8.721392861459862900e+01
8.760588623428871813e+01
8.779227981969448535e+01
8.801511484067695790e+01
8.827818898776560275e+01
8.849981134179098774e+01
8.937267519976245467e+01
8.956085714306945533e+01
8.945546363248155330e+01
8.957281503843969972e+01
8.950956131699108198e+01
8.930978037642758238e+01
9.010795756023090064e+01
9.080761718673940663e+01
9.087492478351721559e+01
9.195118875924234203e+01
9.209705538526557689e+01
9.212750112224031795e+01
9.226700073209708819e+01
9.266384518542591309e+01
9.264722109226096336e+01
9.258700618953190542e+01
9.217342921594347160e+01
9.192359586375187064e+01
9.214846967805765132e+01
8.972524432715417220e+01
8.952642413875717864e+01
9.000833648621348004e+01
8.985356908320248692e+01
9.027198283514223931e+01
9.187526869696010579e+01
