-1.400804075120199172e+02
-2.489739311365538015e+02
-1.890500971636617180e+02
-2.853717825042306231e+02
-3.667698256143297613e+02
-4.022111417606107011e+02
-4.102920405164521753e+02
-3.573720938535391838e+02
-3.527016002709280542e+02
-3.444070086536596591e+02
-3.239367920612919534e+02
-3.092296419340790976e+02
-2.904410374505267782e+02
-2.705444353053936197e+02
-2.626887805443367370e+02
-2.619594002566223025e+02
-2.566946554986075171e+02
-2.555114904061366587e+02
-2.595126099573124066e+02
-2.522726018753807580e+02
-2.492631133292092045e+02
-2.439290698228285521e+02
-2.388105183535264473e+02
-2.391213795268408830e+02
-2.297223479576684895e+02
-2.197904537055626975e+02
-2.124341227504665426e+02
-2.056900785171456221e+02
-2.020606029679782409e+02
-1.977618082656848628e+02
-1.923563342535252616e+02
-1.874714707064713934e+02
-1.840713243685377449e+02
-1.829591977420058981e+02
-1.775794608846660765e+02
-1.730635598541812783e+02
-1.682436358998723449e+02
-1.641274110906387307e+02
-1.555127186008148783e+02
-1.485038397592178967e+02
-1.463400016814846083e+02
-1.431818294639895441e+02
-1.338726687284448076e+02
-1.321639062475074979e+02
-1.333421443472176406e+02
-1.257781753460156153e+02
-1.232723964139779014e+02
-1.202494792579424114e+02
-1.167872025639839393e+02
-1.131695609884954195e+02
-1.094070940213435961e+02
-1.086036150629683021e+02
-1.019037053329984701e+02
-9.836595674727385585e+01
-9.591976899187932304e+01
-9.374542193313332916e+01
-9.127635394633770716e+01
-8.851068089036471065e+01
-8.594987620505200709e+01
-8.289742152557779775e+01
-7.951870541424453620e+01
-7.494140193881311518e+01
-7.315970039766551736e+01
-6.842059706887508241e+01
-6.550220608675880385e+01
-6.393150817931065433e+01
-6.224700244020088036e+01
-5.763217687306734405e+01
-5.582413455929040680e+01
-5.472426887793560013e+01
-5.038218848775822067e+01
-5.024142206041036474e+01
-5.012329041928165196e+01
-4.904434264756214645e+01
-4.860587475668070567e+01
-4.821709558768488080e+01
-4.662076919015988352e+01
-4.244698349613688038e+01
-4.153607897284923212e+01
-4.020451070780099911e+01
-3.947007211899820334e+01
-3.816167280289918295e+01
-3.703601930222026795e+01
-3.634025190788009496e+01
-3.538912331499841457e+01
-3.428950725008709810e+01
-3.323611985308247796e+01
-3.223597997560390382e+01
-3.265711054284786741e+01
-3.274169912110333769e+01
-3.172357844932447790e+01
-3.069551666603933526e+01
-2.989896523555542629e+01
-2.888264698806476716e+01
-2.792172123489098468e+01
-2.714721705960484144e+01
-2.618926827178554007e+01
-2.525679018379291918e+01
-2.416937615804338080e+01
-2.309122236448360610e+01
-2.067291460393286684e+01
-1.637655557186118571e+01
-1.655186184722242260e+01
-9.769073332347909755e+00
-2.360688464369195660e+00
3.931330830584931935e+00
7.691376686257999751e+00
8.230406887069189992e+00
1.120916758510212574e+01
1.674180157662020463e+01
1.878248853638788773e+01
2.159434546477580597e+01
2.457150650524127400e+01
2.536612682591677270e+01
2.769754705872554368e+01
3.067849319728824398e+01
3.499948253892723216e+01
3.729329606600241931e+01
4.092389259550861169e+01
4.183631157532256140e+01
4.408546153417637470e+01
4.625386999705275315e+01
4.805479675040621146e+01
5.139422991949007269e+01
5.138540405414949674e+01
5.339154069125783053e+01
5.448867688804050857e+01
5.673154558962654193e+01
5.887756798840378991e+01
6.031653254403321540e+01
6.117866005025907583e+01
6.253787518112638111e+01
6.591522354941012907e+01
6.979281962021599384e+01
6.735683719386298662e+01
6.559346040650252974e+01
6.711232417822834861e+01
6.826013059542624717e+01
6.856190519486912649e+01
6.822466239534838905e+01
7.124634272825414882e+01
7.248290341911244639e+01
7.263233725892236237e+01
7.580951030091466691e+01
7.758367735390713449e+01
7.583618484331830700e+01
7.602945002878374225e+01
7.801428156482192833e+01
8.008945976724292848e+01
8.134195465203804076e+01
8.012672635737467886e+01
8.317978998156576154e+01
8.324928774966096512e+01
8.319287155489890040e+01
8.396554157973554311e+01
8.358042207534278134e+01
8.426943525970028759e+01
8.421691467745480963e+01
8.611158707668913337e+01
8.771360418924705016e+01
8.740244258645763864e+01
8.617963334842130507e+01
8.819154511572655508e+01
8.794829364049638798e+01
8.621478532740701439e+01
8.796075238084111447e+01
8.988506417557013606e+01
8.848540609038791160e+01
8.876960969240852251e+01
8.964588688615796741e+01
8.617358957995129742e+01
8.715431187854029815e+01
8.824420740309150801e+01
8.878084238531360484e+01
9.152403956711232524e+01
9.296679992075513610e+01
9.205910381364195416e+01
9.157090240755583466e+01
9.171457671441437753e+01
9.236604283428857798e+01
9.416177979705605594e+01
9.416866844716703611e+01
9.412733761309243619e+01
9.621437462758620995e+01
9.816366490664172773e+01
9.774368989801922680e+01
9.811774112347811183e+01
9.944394650701808303e+01
1.008534524964491936e+02
1.021716060293228310e+02
1.011735537201252129e+02
1.026080646362843822e+02
1.029443185749043721e+02
1.023269165215337893e+02
1.014429023827561878e+02
1.005470721451310823e+02
9.674425127136807134e+01
9.607462756201486798e+01
9.594676427591919321e+01
9.585411296495773570e+01
9.567164160794860095e+01
9.695692721334881981e+01
9.893921138163564422e+01
9.708052198525723497e+01
9.748840541575854957e+01
9.843754004309157324e+01
9.967082963524021011e+01
9.750394585715429230e+01
1.000051038903764180e+02
9.981934144973328671e+01
1.017178493421210987e+02
1.013901126783742086e+02
1.010912503842936303e+02
1.006470953623983746e+02
1.000904175184359843e+02
1.003657815620338454e+02
1.001664912789793362e+02
1.023877246840650912e+02
1.034348551691377054e+02
1.056102060408567525e+02
1.046849676128303912e+02
1.063779128321296383e+02
1.082210756879373577e+02
1.100171169684151948e+02
1.124473239928336454e+02
1.114430057408242050e+02
1.104333662759556915e+02
1.109581129912798190e+02
1.123581679704977034e+02
1.122553191622097017e+02
1.146955310366754333e+02
1.164581653256067142e+02
1.134899935957836732e+02
1.122919583934310310e+02
1.152263638802551782e+02
1.166672473497014408e+02
1.138687956370344665e+02
1.149923312719329402e+02
1.128930819929387468e+02
1.145976276379165029e+02
1.149512965765317176e+02
1.164135699786566391e+02
1.133402151515866194e+02
1.129354647450756772e+02
1.158270475110692672e+02
1.163474714392693414e+02
1.163015708459563911e+02
1.169058267945564467e+02
1.156688074760478031e+02
1.164854532942597700e+02
1.187300992860214564e+02
1.169904141437472447e+02
1.166488236010871731e+02
1.161464241304774276e+02
1.175504783165507945e+02
1.201090997316522362e+02
1.201132124531846728e+02
1.220134180148926930e+02
1.221579395983909535e+02
1.222719260427573431e+02
1.241526992032758443e+02
1.232649368481111907e+02
1.230267257623411865e+02
1.233242708405336856e+02
1.260813961476401914e+02
1.244926995561411900e+02
1.228841642569481536e+02
1.242693316462417670e+02
1.256784077921468139e+02
1.272159358286277921e+02
1.309948402151058815e+02
1.319658488210991436e+02
1.334454357282152159e+02
1.343091607855396603e+02
1.342897677984690858e+02
1.332140124253561453e+02
1.359917715422064646e+02
1.353806474490480127e+02
1.377024450291211792e+02
1.388369325716661251e+02
1.397122811229436934e+02
1.419350173708520515e+02
1.439277969804136603e+02
1.426513422545077674e+02
1.427617868460523880e+02
1.451695823840500452e+02
1.468687828240401814e+02
1.475144698806186909e+02
1.466639127682169885e+02
1.487613349694555041e+02
1.505096483499982298e+02
1.509630026770385030e+02
1.524803387199761744e+02
1.549784273737054150e+02
1.579146905464606903e+02
1.592898562855991713e+02
1.652326723177129395e+02
1.674727014797314837e+02
1.691394306475256144e+02
1.711703875392229293e+02
1.703720591557277544e+02
1.708362529346470922e+02
1.724700870234484569e+02
1.756124681411359916e+02
1.747996635127339289e+02
1.762974781619166151e+02
1.781300585653719111e+02
1.822267432934062867e+02
1.826061872530109724e+02
1.805211334894699462e+02
1.792957991455144793e+02
1.804517410922532576e+02
1.808255336962552917e+02
1.818139461743590175e+02
1.839850886231037350e+02
1.857611055310475194e+02
1.854106770951493388e+02
1.835962807054684447e+02
1.822583377377883949e+02
1.830041202911440337e+02
1.842379925892051347e+02
1.844322898531860062e+02
1.819020443525578230e+02
1.812118255835349316e+02
1.817143513533415558e+02
1.829013049051143298e+02
1.830649358445700727e+02
1.834854023409953072e+02
1.836540033424681724e+02
1.845606897688853394e+02
1.819423998434735097e+02
1.815181634233408943e+02
1.845788457431547442e+02
1.859382604430340962e+02
1.882294208858800744e+02
1.915071350433136104e+02
1.955965485814035389e+02
1.961269990426868048e+02
1.990748628217322675e+02
1.990937645565319656e+02
1.988436706689770688e+02
1.989224611068000854e+02
2.021151405500748695e+02
2.029072927625574891e+02
2.017019369351759224e+02
2.034462907711264279e+02
2.061007046335351731e+02
2.058338873905186404e+02
2.049069516030284603e+02
2.048467872377557342e+02
2.057474794238206641e+02
2.079494219306769196e+02
2.087614143928914530e+02
2.111240985641482553e+02
2.110713185076422462e+02
2.112573786959952713e+02
2.109916419375592795e+02
2.109238205910032491e+02
2.102994978465718532e+02
2.103533231739279188e+02
2.097383318752480363e+02
2.082427611232717481e+02
2.084462161518019343e+02
2.065954019839530247e+02
2.071270009557867411e+02
2.095157723162553509e+02
2.114866974720400776e+02
2.095482470977293872e+02
2.075754239532006693e+02
2.073211368081154546e+02
2.066480217739511147e+02
2.076275959613170983e+02
2.083232366658195929e+02
2.093623607009520526e+02
2.093883999907383497e+02
2.107848868177083546e+02
2.093548831516098687e+02
2.059509244884983161e+02
2.056799148174885374e+02
2.034122133040830533e+02
2.033711466695001491e+02
2.029459478597048303e+02
2.015243416669971452e+02
2.032771598160626070e+02
2.035895447482166105e+02
2.035272048684728645e+02
2.036831256547439182e+02
2.033494002646230854e+02
2.035291443698823457e+02
2.031058940550593377e+02
2.044646394952082744e+02
2.046426369947528201e+02
2.034270151332449643e+02
2.038020065082955341e+02
2.035913241657716526e+02
2.035731356361893916e+02
2.033032791716512691e+02
2.039977386657911040e+02
2.043972044028338360e+02
2.043018834584450474e+02
2.071885316671838382e+02
2.071585564305441949e+02
2.070927782751605264e+02
2.075248715370593402e+02
2.086385799087294686e+02
2.083343312484685441e+02
2.085742345807848608e+02
2.075412825519311184e+02
2.074274404368910041e+02
2.069126643845947058e+02
2.076458570644487054e+02
2.078254362098430192e+02
2.081801082688240285e+02
2.098892524383393834e+02
2.097226430493468570e+02
2.099688943455085735e+02
2.093787705083227877e+02
2.117854698666855029e+02
2.147834739281558427e+02
2.139536613756312420e+02
2.131178403171246600e+02
2.068496063512780552e+02
2.067897905163905250e+02
2.027817406667506646e+02
2.026828713376661142e+02
2.028754066517450667e+02
2.049407870613697469e+02
2.041543438109250701e+02
2.043452097768787894e+02
2.053007027337927468e+02
2.074592006943911429e+02
2.060626604564571380e+02
2.046111171206673589e+02
2.046882635252530633e+02
2.021329743097955998e+02
2.021395980922007993e+02
2.020964278028381500e+02
2.009261097028932284e+02
2.009668114607263476e+02
1.986550854777940458e+02
1.980005654984304897e+02
1.958950700857456013e+02
1.958792933831415155e+02
1.952429215322772222e+02
1.936388739355986672e+02
1.936080833160210091e+02
1.927129900589058877e+02
1.931627853882229147e+02
1.950008375373203648e+02
1.950700027209222469e+02
1.926104975206720837e+02
1.887598354124863533e+02
1.858275894139907507e+02
1.856726251165924850e+02
1.834776926801829120e+02
1.833532846353913612e+02
1.829911501629458428e+02
1.805589612743169710e+02
1.806569598396357605e+02
1.781877458229906210e+02
1.764133295540760855e+02
1.808319645691954918e+02
1.778629537204232918e+02
1.795602834237645311e+02
1.786732710483762503e+02
1.786030522782092760e+02
1.781146558986616526e+02
1.786231346333609622e+02
1.805434510403900958e+02
1.809899293273361991e+02
1.801583819450037254e+02
1.798015063427694713e+02
1.790241223901756200e+02
1.788982783076968417e+02
1.787743842182090077e+02
1.797199972978797007e+02
1.813806782705978264e+02
1.859124795274398991e+02
1.861283476743676886e+02
1.857526488267566549e+02
1.852168530859608211e+02
1.853743222206125552e+02
1.872249087257425799e+02
1.866401079457165508e+02
1.867382021402548844e+02
1.869236984778084434e+02
1.868262028342954864e+02
1.845044384311905503e+02
1.872611071212508307e+02
1.871285323247655583e+02
1.873546856382022838e+02
1.876058266732951267e+02
1.890867687510716735e+02
1.886769589152948470e+02
1.886677660778733809e+02
1.887255918865831745e+02
1.861030000900964012e+02
1.858393135331702126e+02
1.854861643742192712e+02
1.849440089982795996e+02
