-1.400804075120199172e+02
-3.578674547610876857e+02
-6.920242921787756529e+01
-5.743368385259373099e+02
-6.923619980547262003e+02
-5.794177224920156277e+02
-4.587774330515005659e+02
1.306753278685147279e+01
-3.153376516100389040e+02
-2.697556840982443873e+02
-1.192346261376151944e+02
-1.474509905347378549e+02
-6.497778364789870409e+01
-1.188860741866263027e+01
-1.527096138895400088e+02
-2.510186959409056442e+02
-1.724587393703711768e+02
-2.353976838341309303e+02
-3.315327618784756396e+02
-1.147124483186800603e+02
-1.890733424057781917e+02
-1.319141561888344256e+02
-1.262023860288803405e+02
-2.462711865130731894e+02
-4.145590297530950430e+00
2.850690259708213148e+01
-2.116951791796695659e+01
-2.360088421748081799e+01
-1.004352875912918250e+02
-7.309676189917645672e+01
-3.019211388873707591e+01
-3.604070074780192101e+01
-7.526664155466130524e+01
-1.462590190664553234e+02
5.331592264888314503e+00
-1.500702378721346086e+01
5.273626455249328160e+00
-1.182709314899605602e+01
1.718455960124916544e+02
1.248424350630659205e+02
-5.978647857215175065e+01
-1.369676854669256727e+01
2.571120821644344687e+02
-5.868711956720377998e+01
-1.851846207344636071e+02
2.146004297080750121e+02
-8.006565540243386181e+00
2.182762707572538829e+01
4.940207874602175053e+01
6.409487621044269190e+01
7.871625433624704726e+01
-6.762618818582821234e+01
2.464916006254324827e+02
8.913471829613102670e+01
3.617436979942515052e+01
2.584366629789743186e+01
4.699145331421775751e+01
6.913268330009587714e+01
6.257679554308455749e+01
9.719740456340078083e+01
1.232042612657513843e+02
2.042741100625036097e+02
3.730579515348548370e+01
2.301429126449218927e+02
1.212748167686833227e+02
3.816385580481932038e+01
4.893037634104398137e+01
2.515611361248793969e+02
6.712274277754114848e+01
2.116646313554598180e+01
2.535634388246583342e+02
-4.024700571871240840e+01
-4.161781225801453843e+01
2.971884468796168832e+01
-1.615925083145434371e+01
-1.905865791299756040e+01
7.470003702173949023e+01
2.789345149436344400e+02
2.951447384358748849e+01
6.498938223100972778e+01
1.928501498522576085e+01
6.781867180112119797e+01
5.526756775345091199e+01
2.140844182235469262e+01
4.450567848706252505e+01
5.917785826737464561e+01
5.735519628931545810e+01
5.477618936503082381e+01
-6.971660046031701086e+01
-4.027008258584025668e+01
5.990728201077311610e+01
6.285810561290892906e+01
4.338376636896439464e+01
6.563495002856623728e+01
6.240529956344465035e+01
4.643067959257889754e+01
6.577381535886729580e+01
6.519358435149118236e+01
8.239719836541161158e+01
8.364600319793416361e+01
1.017503685430542788e+02
7.176844844607960283e+01
-8.673305675400087011e+01
1.039420129615135693e+02
4.847648874314534595e+01
4.978420700339701455e+01
-8.277284748419373273e+01
6.697055286797068163e+01
-1.746158180674531479e+01
2.835077150535636292e+02
8.483406983915303101e+01
1.337347023040537124e+02
2.327383203986483409e+02
6.757342464888708378e+01
8.043240939133725931e+01
4.707591791536442827e+01
2.596401947935279964e+02
-6.016331126613010838e+00
3.152689107214382602e+01
-2.347055033728399565e+01
3.584165347960306036e+01
8.492669009880185627e+01
5.389028930646498594e+01
8.767213039531229413e+01
-5.028176831588377027e+00
2.291205663079166186e+02
8.854410176030089019e+01
2.006859859411237608e+02
1.141669522864321209e+02
7.079969366376637652e+01
5.602063673384903097e+01
9.988081233892815192e+01
2.624681952737134907e+02
2.415005880141305283e+02
-2.382666503704119805e+02
-1.913447025232585474e+02
1.571600036278321113e+02
1.029535485707943820e+02
2.020230559567777959e+02
9.111815511099277387e+01
2.423815547184230468e+02
1.099593005391379990e+02
2.720554661454258962e+02
2.590301846320261348e+02
-7.767915435216472098e+00
3.985117864919159558e+01
1.131995300630178747e+01
2.203107806795420345e+02
2.569198989881230091e+02
1.893443646899528972e+02
-4.280657513008812742e+01
2.376801742332805532e+02
2.534413774349513915e+02
8.349309881992448368e+01
1.134413722830886115e+02
-1.266828414137597747e+01
1.158927717499682046e+02
6.388062507554815284e+01
2.520440354665162204e+02
2.573991158191934119e+02
9.208810098680724820e+01
8.199318625887106293e+01
2.384969718840087296e+02
2.058177651219087352e+02
-5.207601454025554233e+01
2.127605611482295842e+02
2.413615558139458130e+02
1.115953276066583442e+02
9.554310297959986542e+01
1.087941825104910691e+02
-9.366629179600928978e+01
5.782522414018794876e+01
6.737174019710568018e+01
8.338234291017428745e+01
2.581604673484164891e+02
1.252173774512831841e+02
-1.606957368957799304e+01
2.301143743350239390e+02
4.388190452944057540e+01
1.301359942184292322e+02
1.988587112619725588e+02
6.850753681222049352e+01
5.113448434599072101e+01
2.301121432717311563e+02
2.394347063926165333e+02
1.718035740512422649e+01
9.476031883520306565e+01
1.873967277190290019e+02
7.123399848279268554e+01
9.154527070152386159e+01
-3.989794890898836854e+01
2.063091972288262355e+02
7.700916023096128527e+01
3.894744691507526557e+00
-2.599611431431415554e+01
-4.315234416993412481e+01
-3.145082720174319206e+02
-1.768786583828145353e+00
6.961086975584437653e+01
7.438087210178925091e+01
8.350323284214175601e+01
2.002970089861004794e+02
1.114953600746811730e+02
-8.192692667632738335e+01
8.926483179327567541e+01
1.446976697367012434e+02
4.055611173067035935e+01
-1.497178249406219379e+02
2.326542215154685493e+02
2.649314709892513520e+02
2.746848590779339929e+02
1.009610359293646269e+02
2.028520909905890335e+02
2.315792245936179938e+01
2.476462499509677784e+01
7.461232227514960869e+01
2.397111664880766853e+02
2.161070093819630529e+02
1.362399395794048473e+02
1.940645368346216628e+02
-5.668218932303365420e+01
2.542212120287268817e+02
2.382065748872361439e+02
2.672762584430986408e+02
2.379925256102558535e+02
1.286887411069744189e+02
-1.241984472655272498e+01
2.531606574735368156e+02
2.541724502082225001e+02
6.051481283496657682e+01
3.000418241804191553e+02
2.761442412320550375e+02
-3.434897770858981403e+01
1.216970677788661135e+02
5.517389831200287631e+01
-4.725635557863073188e+01
-1.226851676388654084e+02
2.153071120606410886e+02
-7.901871942641401247e+00
2.615727196087682387e+02
2.777484485799450340e+02
2.561866407516307618e+02
-3.528001656157499610e+01
2.185551439809313479e+02
2.813903611641415523e+02
9.189357146919766706e+01
6.729893675008867149e+00
2.807363755395476801e+02
1.332179671372592225e+02
2.710089465111492473e+02
1.816580240460779976e+02
6.371166000586084266e+01
2.192823231689458794e+02
3.325315175894877484e+01
2.538467908904254386e+02
2.431938573687696703e+02
1.163040439032095890e+02
2.539011812463482443e+02
2.664961938163433501e+02
2.687977602558326566e+02
2.801654170386568694e+02
-6.783049257593404491e+00
2.146758633070100473e+02
2.355722729411565979e+02
2.236365161703957938e+02
5.389090199832687489e+01
8.050802589464383630e+01
2.501120665360199951e+02
2.364507175701043877e+02
2.625469861585901299e+02
2.842241468518027432e+02
1.549260847395102871e+02
2.153304309087139643e+02
1.697548486426178442e+02
2.562211686413568259e+02
1.764184013998909961e+01
2.617063379954535094e+02
1.690019650191786695e+02
2.760616625367592860e+02
2.435847484729221435e+02
2.863935663897319728e+02
2.907811616030550113e+02
2.504124453021528893e+02
1.024666706811421335e+02
2.504791655470804415e+02
2.579599112048892948e+02
2.646803628342157708e+02
2.519654333768805543e+02
-1.382171275737968585e+01
3.012874908253774606e+02
1.349333891452812111e+02
2.516446299328553380e+02
2.287427645247298358e+02
2.537036100644306202e+02
2.676302029612141382e+02
9.436422974391189200e+01
2.797733311939460918e+02
2.222341296180229619e+02
2.362837865352637436e+02
2.774765612715160046e+02
3.670394492628190619e+00
2.467163868780330063e+02
2.748787689548182698e+02
2.323111850924202599e+02
7.984368953067112251e+00
2.944791346549767468e+02
2.238141520761963079e+02
2.599506478628164245e+02
2.705986174759370897e+02
5.642609463514534696e+01
1.521514246823877841e+02
2.165552306032435013e+02
2.402313513907978404e+02
1.219991702697343214e+02
2.418788698695640278e+02
2.522140130695300115e+02
2.046683228982586513e+02
3.466737041387454354e+01
2.445642811398798244e+00
2.686427921701856576e+02
6.670504048307353173e+01
2.736509384268168787e+02
-1.481797517558508304e+01
1.982543815408088790e+02
2.882451025909173836e+02
2.473840962842549231e+02
3.943249219018753138e+00
2.952073071160660902e+02
2.710325503555072828e+02
1.511834554766875840e+02
3.821283163922939252e+01
2.337205992187970480e+02
2.717192542727981959e+02
2.576385377667975263e+02
2.842899425966015201e+02
2.805150601647217741e+02
2.862561861701273074e+02
2.683521581889669960e+02
2.868845059619093831e+02
2.634628930887369052e+02
2.527390598244548130e+02
2.640656845339284473e+02
2.839879277659017589e+02
2.977703652291938852e+02
1.608547784259891102e+02
2.663289550642473387e+02
2.721712799158858047e+02
2.540546512378919886e+02
4.052438838824468803e+01
2.649925099838773122e+02
2.717272426525652236e+02
2.839059106914886570e+02
3.004815693903965439e+02
2.695215688846265039e+02
2.485687852398264113e+02
2.617998762040765541e+02
8.973036805961379514e+01
2.471190465907420162e+02
2.040639193732067724e+02
2.741802929914364881e+02
2.186662871706699320e+02
-1.563401244552250660e+02
2.350213661600312207e+02
5.049085615626310641e+01
2.767964133537718681e+02
2.927680380451845394e+02
2.776005414731146175e+02
5.626702910495006194e+01
3.916840311723308332e+01
2.371182716500715628e+02
2.169126434353673289e+02
2.528835034761107465e+02
2.848945013589656128e+02
2.736672521558598419e+02
2.588250976199841489e+02
1.572905228369889414e+02
1.187059713856027940e+02
-1.713939012919730942e+02
2.489606954357801385e+02
1.681459713237262577e+01
2.822869029314439899e+02
2.482612806235262894e+02
1.082518260313824356e+02
2.777484855876908796e+02
2.817176587624825288e+02
2.517259232305149510e+02
2.802724414613193744e+02
2.185928943647976439e+02
4.152697768541187884e+00
2.589624593430769437e+02
2.708079331601765034e+02
2.694443798873064679e+02
1.071805783739473839e+02
2.912027475694875420e+02
2.465619687088253329e+02
9.254537678568365777e+01
2.527876847401363705e+02
2.916800790320080523e+02
2.762303602395372195e+02
2.679444668326352144e+02
2.923352153665063042e+02
2.437188632140666869e+02
2.683009534164522165e+02
2.755205112823008449e+02
1.193552061200802541e+02
2.640542686288848699e+02
2.478044853078282017e+02
1.566554449774422437e+02
2.592144059719232700e+02
4.948489405518870399e+00
2.254706926677866079e+02
2.345131451426769047e+02
2.756985572888989964e+02
2.929135872212720528e+02
2.252179309703076342e+02
2.768391426857040756e+02
1.456559391796789669e+02
2.753373062501501636e+02
3.022460489584292986e+02
1.856615369177286254e+02
-1.687706536758612685e+01
-3.531724581578438347e+02
-2.079955866433481049e+01
-2.025506034231819115e+02
2.783581696824614369e+02
2.666376276921480439e+02
2.104812901814893280e+02
2.165629820715968208e+02
2.901191469508851242e+02
2.467327511680817054e+02
2.540626276990645067e+02
9.406657542539666395e+01
1.265649206938197153e+02
2.653531782253652977e+02
2.876102105085780636e+01
2.811774384052413325e+02
2.819391572338698779e+02
1.513203481944711939e+02
2.909546817452200571e+02
3.229029479550428050e+01
1.872870618880973836e+02
5.351614326544289213e+01
2.824102575054918134e+02
2.341331801427629102e+02
4.500187581385830526e-01
2.632498931064771455e+02
1.826619542043772810e+02
2.990341841695970970e+02
2.243296032979911843e+02
2.719090283440596068e+02
2.577672262754855126e+01
-1.011603001270833602e+02
7.256969540839008914e+00
2.540251391448011020e+02
2.907554159887030210e+01
2.493590717249182376e+02
5.351692081506038789e+01
3.900157727855670942e+00
2.138637759050869249e+02
2.725889132692000771e+01
4.122466027921845466e+01
2.855233770567137981e+02
-6.187971871718710304e+01
2.202238264903859601e+02
1.880951758149453497e+02
2.857461610284865401e+02
2.287609035183500623e+02
1.071149025748829757e+02
2.312000438201480677e+02
2.817661003446864925e+02
1.337579052021115444e+02
2.171959432526897160e+02
2.071561060995781816e+02
2.610828439079847954e+02
2.464356886711975392e+02
2.518518308040566183e+02
2.847740686574131814e+02
2.817862243922360221e+02
2.705475101285603614e+02
-2.075528762872468747e+01
2.287073288518601260e+02
2.640081940886980192e+02
2.933104765443840733e+02
2.192684075850867771e+02
2.915270782163105423e+02
2.702755569858714466e+02
2.705228771100222502e+02
-1.358354594568828588e+01
2.798195667745651463e+02
2.457049796945513265e+02
2.934232645038480882e+02
2.945584833965946245e+02
2.552747861516000398e+02
2.502217639918084444e+02
2.456426849666745511e+02
9.832795765666205057e+01
-9.471494908548081071e+00
2.653114233393942527e+02
2.409154443444422498e+02
2.137289292386705597e+02
