-5.609457874711779368e+01
-1.880426866950537033e+02
-1.072829563175613146e+02
-3.663829169946694719e+02
-4.945835001373563387e+02
-1.087840112967546276e+02
-2.679218220543583584e+02
-1.080928042205753314e+02
-5.441824027900056535e+02
-3.122527467271631281e+02
-3.778450694510397625e+02
-2.803710329337762914e+02
-1.833977790868043201e+02
-1.016225473724399961e+02
-4.170589163942890991e+02
-1.801279266236317653e+02
-1.423195041785159560e+02
1.552813047605260977e+02
-3.305331722236392977e+01
6.874087896623449012e+01
-1.042568801421852669e+02
-1.496124803718420537e+02
-9.335110719643101618e+01
-1.130226937918623662e+02
-1.000053792330919578e+02
-1.540221956912254768e+02
-1.583590258278051977e+02
-7.433954175134581988e+01
-3.001963502946006201e+02
-1.400955683633989679e+02
-8.487305109824899318e+01
-8.917651653138031520e+01
-1.572717138858517956e+02
-6.865893980621113712e+01
-3.423440691775064124e+02
-8.802248245406066474e+01
-1.955448093577303936e+01
-1.226096643125792696e+02
-5.308892461945782060e+01
-1.177790652647735214e+01
-6.083491662431872271e+01
-2.744360077803546361e+01
-7.049327490899519599e-01
-2.634376161869577686e+02
-3.957740336594641803e+02
-4.981981070499102771e+01
-2.443299186514816768e+01
-1.054969019982454341e+02
-7.042711626058216545e+00
-5.811392391317143336e+01
-5.392393745369943758e+01
-2.738951727057502694e+02
-6.350197624098559857e+01
7.343264933133868055e+01
-2.680393463048172862e+02
-1.855140534771478542e+02
-8.905401381046647202e+01
-8.457312690865694549e+01
-4.594855996178557689e+01
-5.446872266552364295e+01
-9.051240616186152010e+01
-6.309719707955841272e+01
-3.548151653975055098e+01
-7.028080397266920443e+01
-5.067182518045181894e+01
2.531005946459856659e+00
-1.078088255265954274e+02
1.147493425374574514e+02
-2.354397478539433308e+01
-5.224385739713739696e+01
-6.523122776720029492e+01
7.272833657184763467e+01
1.782344606930831219e+02
-8.379976050070105487e+01
-2.593064443448429301e+02
-1.390485132293812853e+02
-1.032936084695509891e+02
-8.249357468823215811e+01
1.270845463991573894e+02
9.672669734039581613e+01
5.885172681946454531e+01
-6.801700860506795721e+01
-2.341330939037225889e+01
2.086792652014632097e+02
1.713595651745374369e+02
-2.264641743621731607e+01
-4.252738264137954616e+01
1.518366048479574317e+02
-2.162726748302479791e+02
-8.481999536639970927e+01
9.110252799940496971e-01
-5.489543983232414348e+01
-9.460900102670143497e+01
-4.373333391636356993e+01
-5.350966412794981863e+01
-1.239394426744926534e+02
-2.402992950853816012e+01
9.999313628932185338e+01
1.709832137511744463e+02
-6.068283458139117670e+01
-2.664156021226242288e+00
-7.675030748915257561e+01
-1.375489770649009813e+02
1.393146305932752966e+02
-1.192552983039506955e+02
-1.046344098741917321e+02
2.061893851190507405e+02
-3.216217740942717001e+02
-2.431901123016727979e+02
-1.906379038328104798e+02
2.160726022080714301e+02
1.047684571411510603e+02
1.519355751412173561e+02
-3.584746543346283829e+02
-2.624857021582104721e+02
-6.136059195689756507e+01
-2.798191089492095216e+02
1.715062308541548077e+02
-1.459720612271854066e+02
-8.643413555638272783e+01
-3.856490893539461950e+01
-1.410511748590042203e+01
-7.340638977229100703e+01
1.576682226496633064e+02
-3.165647078149688554e+01
4.796105171630553343e+01
-4.920141792730971986e+01
-7.670041715329921317e+01
-7.300680168192383235e+01
-8.899976359883780219e+01
1.476593460691825044e+02
-4.148934514406633411e+00
2.084086583429510711e+02
-4.226762980366640932e+01
-1.933755769971733685e+02
-3.838313911146441626e+01
2.424428968665168611e+02
1.942907119587234774e+02
2.055936271932520754e+02
-2.896311873232447454e+01
1.508211085080633325e+02
-2.779649137202333975e+01
-5.356845077791847842e+01
-2.929142491180582510e+02
1.787513447667748494e+02
1.438861631142582382e+02
1.999603977181182586e+02
1.793401676420401145e+02
2.814096846133709278e+02
2.187215175764986270e+02
-7.169777149674985139e+01
2.449496724704813175e+02
2.539245893149233950e+02
1.489073989717534232e+02
1.924078837092018262e+02
-3.359171891133892984e+01
-1.016567478292082285e+02
1.539003034287979972e+02
1.988096465976031482e+02
2.276623555554521090e+02
-5.372643509586294641e+01
-6.011613234239738546e+01
2.271149240395831157e+02
-2.232528917005894442e+01
-7.800044986153025661e+01
1.461172749091879837e+02
-6.149507184397582193e+01
1.425873684115712763e+02
-3.412731598599772553e+01
2.013215511491680161e+02
-7.244848291861600842e+01
-1.074852487890066577e+01
5.378597051277324681e+00
1.882480211344677627e+02
-2.729550040118227798e+02
5.881635553454725596e+01
-1.777925539161749384e+02
-1.134723557289287044e+02
-4.897733679779625504e+01
1.553223479416699320e+02
3.768236948767267336e+00
1.438791343199985384e+01
1.498993364300967812e+02
1.586096125252203137e+02
1.534220384685880845e+02
-6.350095508422025148e+01
-2.155085380871997813e+01
-8.277607685317060486e+02
1.850522631507225810e+02
-2.665728881666449368e+01
1.744684995418771791e+02
-1.307674955414361477e+02
-5.399902436183020882e+01
1.092081360337948155e+02
1.813365063906073829e+02
-5.019574839354933715e+01
1.365539140681681545e+02
1.720340351214893815e+01
1.952125405470769692e+02
1.772424431567982310e+02
2.164296766447517371e+02
2.272885236998153857e+02
1.408358839171808654e+02
4.411004301077045398e+01
1.730934425286076248e+02
1.884244177544307774e+02
1.696905407393190615e+02
2.264463458914017906e+02
-1.389760461812936398e+02
1.322385720314592845e+02
-5.490967255350750520e+01
1.613496978491025402e+02
3.712049686476235877e+01
-2.138850298390821791e+01
-3.903539211957339461e+01
-4.776227054820310514e+01
2.343041496619777320e+02
1.973014956452016406e+02
1.936884307246538128e+02
1.687580810160009150e+02
2.342405459842796347e+02
-2.607338593089631829e+01
1.695066166584588245e+02
2.185059550021537405e+02
2.389154774497080211e+02
2.347410576589648201e+02
-8.829615943983355919e+01
3.426239406824498901e-01
1.793932711765649231e+02
-7.147732476148276781e+00
2.181151317902542246e+02
2.316997429961960506e+02
2.280042860101443978e+02
-7.508240630444744568e+01
2.617517912978817662e+02
2.560873758261332682e+02
2.220904911154996171e+02
-2.305632148097340917e+01
-1.700533634958313201e+01
2.156896871387672263e+02
1.348816561014007220e+02
6.479964962947619256e+00
1.951528434476110192e+02
2.775412083120179432e+02
2.158748661950421308e+02
2.317614794492665737e+02
1.554339271864587033e+02
1.704359153403095206e+02
-1.057149304297287529e+02
2.663848677909933258e+02
2.573707022867350247e+02
2.132166512271294323e+02
2.073076087733506938e+02
2.288828108720770160e+02
2.085400962606493636e+02
2.314191478239071103e+02
7.800740881158281681e+00
2.377993974730223954e+02
2.149035251550825478e+02
-1.698034117135347287e+02
2.058823317631674286e+02
2.699153255066939892e+02
1.954391724614506813e+02
2.462789776395359809e+02
2.401994952441222324e+02
2.386816889410140732e+02
2.821147495622996075e+02
2.127456176666601095e+02
1.266078795079571080e+02
1.552829762303975656e+02
2.286133142943731116e+02
2.190647268231918190e+02
1.737535107520046438e+02
2.091845816667959639e+02
2.914211052510606237e+01
2.794600251731081926e+02
2.240204769204653985e+02
1.921406577102455060e+02
2.194807339194044005e+02
-2.154620853506639548e+02
2.149348746230171798e+02
2.293021072276915788e+02
2.169347025500422603e+02
2.766131667411506214e+02
2.381860920138039432e+02
2.731161874537341419e+02
8.805085394183294056e+00
-2.347429566885247709e+01
6.920062981453102680e+01
2.402520620005993237e+02
2.807400273038560385e+02
1.818277627040083075e+02
2.613394973065059617e+02
2.067398308312728261e+02
2.405963263720751684e+02
1.654443493153398208e+02
2.610736956945680731e+02
2.465569234528259983e+02
1.738573711794268775e+02
1.535379439849410232e+02
1.930803522822621403e+02
1.968037374565692801e+02
-1.003910061930331210e+02
2.624097874406173787e+02
2.401986394344900191e+02
2.672308706464827992e+02
2.486946601898135327e+02
2.297457941767047771e+02
2.281264491903683620e+02
2.304484650765003266e+02
2.258400955700231520e+02
2.521660148727571311e+02
2.487780359626327140e+02
2.110582128481164830e+02
2.668195747318170561e+02
2.556952954721077731e+02
1.874632434308803113e+02
1.576172131643660919e+02
1.876707701195497293e+02
2.717872732258640553e+02
1.946229631667064268e+02
2.347706077450804969e+02
2.933548556976446662e+02
2.462097520650921183e+02
1.942217937334586964e+02
2.453367726773498418e+02
2.769500178280040927e+02
2.884924426739697196e+02
2.162268758772547983e+02
2.585237644749709034e+02
2.439519002671423209e+02
2.626873768515199004e+02
2.659966356218949102e+01
2.414240879936938313e+02
2.789329252520998352e+02
1.801053073379729597e+02
2.504786586196667031e+02
2.443497260635565453e+02
1.676767683113549197e+02
5.595174660256726717e+00
3.053400557866771123e+02
2.539118808085642343e+02
2.627307297365594536e+02
2.434330643422930507e+02
2.249952824120547632e+02
2.377972251277251132e+02
2.508835474056609200e+02
2.318365343931905045e+02
2.672063767624757702e+02
2.239053171397643780e+02
2.630686214827798040e+02
2.524064009471456700e+02
2.785045447622680967e+02
2.449514136726032234e+02
2.415560819274231505e+02
2.578314300471408842e+02
2.325237850024189470e+02
2.849509627782305756e+02
2.441737089919718358e+02
2.616922241367568063e+02
2.529893042993908523e+02
2.448754738984376900e+02
2.762587726331283307e+02
2.419862660314739458e+02
2.466216891656892187e+02
2.787607878014821381e+02
2.010625075695843407e+02
2.793047417467398077e+02
2.657124190511226516e+02
2.284149645672957831e+02
2.602532715270663175e+02
2.475819438442845808e+02
2.467238103101753097e+02
2.579234050371125022e+02
2.400335834360577962e+02
2.549083933176132462e+02
2.506583154325197995e+02
2.408028767044927747e+02
3.002343408203370245e+02
2.515582266231429003e+02
2.628728650804651465e+02
1.287578743501153156e+01
2.132585023465359768e+02
2.507561848949412990e+02
2.709512245132126509e+02
2.603146188419019609e+02
2.354462068145458886e+02
2.681055396141911160e+02
2.453743555479426277e+02
2.096930781720224104e+02
2.573224546113997917e+02
2.648966306435810338e+02
2.337000771650891693e+02
2.427980343805867278e+02
2.267078542697409773e+02
2.484543861196658838e+02
2.560783566034992873e+02
2.740254087384815875e+02
2.369947502154863059e+02
2.459772456181973155e+02
2.616891895165965138e+02
2.420788598473365596e+02
2.614841300894423171e+02
2.574102761900443852e+02
2.586639634334091511e+02
2.575470161818929569e+02
2.730392426751409403e+02
2.484882252399495712e+02
2.037722934713223708e+02
2.661741843016159805e+02
3.069713990218670006e+02
-1.304570502742422491e+02
2.252742011123450538e+02
2.521855902257202047e+02
2.531181118256486400e+02
1.886876232001663993e+02
2.404671881527900155e+02
2.791526263508535521e+02
2.314131814269049414e+02
1.778039065813229058e+02
2.638155708442664604e+02
2.421068878796658908e+02
2.731837766492050150e+02
2.527345796148773331e+02
1.541741025453252121e+02
1.633620361207391909e+02
2.633806232253615462e+02
2.495650492964373086e+02
2.774726050990640260e+02
2.828985013268215880e+02
2.526638868282081773e+02
2.376630075675653018e+02
2.740060084025809601e+02
2.915891972901847566e+02
2.140943099535780902e+02
1.901468718409405199e+02
2.424392250439535417e+02
2.642557173871290956e+02
1.918891501647037785e+02
2.471535419127938553e+02
2.637265288054894086e+02
2.649506009127215975e+02
2.699810195396490826e+02
2.797897384532595879e+02
2.533955823561535965e+02
1.886102680417671991e+02
2.618333099772630135e+02
2.523050980050711871e+02
2.610069449346085548e+02
2.415721910546549509e+02
2.794702712439089964e+02
2.402830340995394067e+02
2.968613902687235395e+02
2.657288123097812331e+02
2.751255445270971904e+02
2.568882305610165986e+02
2.519481057874071439e+02
2.240134373443382287e+01
2.235870246689130454e+02
2.486551748059694376e+02
2.153712788907956508e+02
2.181615899601850117e+02
2.053788566905236053e+02
2.228871056673396538e+02
2.555201714577889334e+02
2.278976424327992731e+02
2.984428820941781737e+02
2.214737008679103099e+02
2.780306826634623008e+02
2.579499030961486383e+01
2.581124861791628291e+02
1.771416421492301652e+01
2.462128307862606107e+02
2.396406555331363393e+02
2.409879784157329823e+02
2.640242556054309375e+02
2.810205295392830749e+02
2.505246835268602297e+02
2.632991282374535444e+02
2.496431635133006068e+02
2.255187692557014998e+02
2.309556283883774768e+02
2.537116238507118169e+02
2.512873854047361988e+02
2.083851276703269377e+02
3.004773551653487971e+02
2.742239033728327513e+02
2.225336787857505669e+02
2.608394845470234031e+02
2.568088261310517737e+02
2.392783421161290676e+02
1.247328917956104277e+02
2.085342389523494262e+02
1.949506252364930106e+02
2.170512144078697077e+02
2.356772669670255311e+02
2.353049280809560457e+02
1.902744163065107728e+02
2.671406854493132528e+02
-4.366227695880493229e+02
