-1.143415322329110211e+02
-2.747167780051199770e+02
-5.860059788413377646e+02
2.342326763867846395e+01
-1.802895180387040455e+02
-1.111579662969272420e+02
-2.228956390606932132e+02
-5.549052695383178957e+01
-4.316207068921929135e+01
-4.327634339436882804e+00
-2.136078079323337988e+02
-3.147186260654435586e+01
-1.441953750877122786e+01
-2.014021785859972624e+02
-1.620351482284073086e+02
-1.732168316485982729e+01
1.795962067966100406e+01
-1.896213817891291171e+02
-1.314917013467000686e+02
5.530858753819334339e+01
-4.726173887522189254e-01
1.598414808511069651e+01
2.425745337128426016e+01
-8.690376226376962165e+01
3.599989630616031633e+01
-5.205019728920726152e+01
1.420421995448232266e+01
-1.237635003447615389e+01
3.073278993341003229e+01
-4.730514958005282011e+01
1.285033864367733436e+01
-2.428138835161930409e+00
-2.092456021022990242e+01
-5.329654667221758757e+01
5.659874017011897074e+00
2.695715394119887165e+01
-3.689309699366861395e+01
-1.995050781159440234e+01
9.514729615643032545e+00
-9.750884126865109192e-01
-1.948468028238818928e+00
2.002037326036568388e+01
4.305432171972143784e+00
2.858279054358559179e+01
2.469163815384988325e+01
1.883562784668128032e+01
-9.922974586771726990e+01
2.493723603988070892e+01
5.823720693675761062e+00
6.650425509861853435e+00
-4.608910448469263343e+00
2.294150792960281748e+01
2.855659669486904662e+01
3.747162646571145217e+01
1.730136151609707795e+01
1.634065588638303268e+01
-2.047767709898698385e+01
-3.302494654357759885e+01
-1.351824966354964097e+01
2.852316042401121976e+01
-3.505022185657484357e+00
-1.352871130163573854e+00
4.252357641699124713e+01
1.289366579758871545e+01
-1.043333046346083748e+01
1.724127959556086509e+01
2.121287866886243023e+01
5.160041846936346843e+01
6.449921796786948214e+00
-4.827222869501665770e+01
-3.473330879462176668e+00
-2.433704242141528695e+01
6.413445684662621993e+00
5.565432013291120938e+01
1.384421875355786824e+01
2.091886781390963179e+00
-4.411067131280784537e+01
3.585908639822531541e+01
-2.372326371582994398e+01
-8.037790847202849420e+00
4.884843807866150200e+01
5.581220508274530800e+01
3.660292821377716876e+01
4.457654682910347788e+01
3.812865123336543149e+01
5.798098074303956651e+01
6.841416796225186658e+01
-5.516448433799425732e-01
4.299280569910602168e+01
6.445299501757050109e+01
5.703094478980774085e+01
3.610238824908556410e+01
-3.154811227318696254e+01
4.762775711381176791e+01
5.853248416388414910e+01
1.981636801941087356e+01
3.691343642242789969e+01
7.640907264330157034e+01
8.500937526997529403e+01
5.529833645253772545e+01
5.261088852066086474e+01
4.311036009527247614e+01
6.152192237867105007e+01
5.777037725755974407e+01
-1.939120225475415182e+00
4.367148322659614479e+01
2.546039973413249058e+01
4.829340150912888419e+01
3.486781105270534908e+01
6.616928659711230409e+01
3.509440915826075980e+01
7.491710722559791691e+01
8.716011559293998801e+01
3.641687471017723254e+01
7.522470337924627870e+01
-1.708225261546248817e+02
-2.670028805302286514e+02
-1.706097356674231094e+02
2.894334322067393384e+00
3.399054501362570591e+01
1.335843260631783380e+01
8.377928853011920296e+01
8.203399468902109959e+01
1.379709304732298847e+02
4.864241510230778687e+01
6.117963249936597947e+01
-1.295057821742630040e+02
3.617239910037785933e+01
6.342806475149406253e+01
2.868156013480702526e+01
-1.230277475373491036e+01
6.919501891193115739e+01
3.894369328351061199e+01
3.936652329209421453e+01
2.625782634684937378e+01
5.554400200240042551e+01
8.216084364640268234e+01
6.476818456811031410e+01
6.809458497578268599e+00
6.305499962815183324e+01
3.731574850428206958e+01
4.560695081745852519e+01
5.968147209554108201e+01
8.253601620142693207e+01
4.726221804012575944e+01
5.116434381476309312e+01
2.643012450120112078e+01
7.227926849930595665e+01
6.887938640994012474e+01
4.581330414937761475e+01
8.609256020484292549e+01
4.185918857062423371e+01
4.390102911692336107e+01
6.274056504594108219e+01
6.224791109339054174e+01
1.106845852629203932e+02
4.561132066009221830e+01
4.502043381552729784e+01
6.876313660690671270e+01
7.217413082787280132e+01
9.063889793548112550e+01
8.022845643631634971e+01
6.606839699549230716e+01
6.962952734725439541e+01
7.214868376184979581e+01
7.957965131718549401e+01
7.769325732222856118e+01
7.135704702364934349e+01
3.372963400422036528e+01
1.270010698281380570e+02
9.085221116732877533e+01
7.852503535867825235e+01
6.420452217901490144e+01
6.250507377725264746e+01
6.017112273931417121e+01
1.627617165247325914e+01
6.571917634632758620e+01
7.223168339805940263e+01
5.331221911270031910e+01
3.560688836487963016e+01
1.392122561613553842e+02
3.215756050123918186e+01
4.431654637471290670e+01
1.051757679170787725e+02
7.314681329312072933e+01
1.103264795577494084e+02
7.556059124393945670e-01
4.996104849283520366e+01
2.455507957826183585e+01
1.211792510148583801e+02
4.215138825297312053e+01
9.137911548478413692e+01
8.011451831661553058e+01
6.151655843159572612e+01
6.250971948507714160e+01
9.342323535134966050e+01
7.235509617263603843e+01
9.439568218042654735e+01
1.086155404882227344e+02
6.948325533484228345e+01
6.569771623103831359e+01
1.165654680272901231e+02
7.375916478864391479e+01
3.812808355981323416e+01
3.093573442369995163e+01
2.625137634099959172e+01
6.388655697356011842e+01
9.659241555676362623e+01
1.078915590744801278e+02
9.606765664401360993e+01
1.305980057104299874e+02
3.356379402861873018e+01
-8.844368487687734159e+01
5.019232245097921918e+01
1.069757008580493363e+02
8.426018243303470001e+01
1.054116517309904708e+02
1.065773521955505601e+02
7.319179258485121409e+01
6.416595256802108338e+01
9.832279419002648524e+01
7.633137071727239231e+01
3.243666756226885894e+01
1.238982899505634805e+02
3.906055795004709807e+01
1.294323712996079578e+01
3.843816723359273624e+01
1.022136816397162988e+02
6.581318667009078638e+01
1.071225206016180351e+02
7.448940683554965858e+01
7.846558547667665096e+01
6.164091299522772260e+01
5.260004909710505672e+01
6.576174601750668103e+01
5.863944503739242009e+01
7.967975475038593913e+01
1.012472674502995744e+02
3.014599721006354827e+01
6.453187992720742727e+01
6.233989662022757727e+01
6.819193291930848488e+01
7.201142018952197077e+01
6.697518712517700123e+01
6.066946635653374642e+01
1.235419418782412322e+02
7.354965472559626960e+01
4.842638518265126635e+01
9.262296568866136681e+01
4.381776614417442772e+01
1.096954959147938524e+02
6.549607845815559415e+01
1.017000645143147324e+02
4.838530730299776650e+01
1.234689279995759961e+02
9.260825965030650764e+01
5.667568956064935293e+01
9.391840334602214568e+01
6.984919480907559830e+01
6.748221107889915515e+01
1.063386862059318503e+02
9.965164576019726894e+01
8.758199706841280374e+01
9.843303400490185595e+01
7.947834864331262850e+01
5.244748911160949945e+01
7.207878652524837548e+01
3.661368721468760157e+01
1.360734526651414171e+02
1.101450836115268004e+02
5.667844585623439713e+01
9.009955004358396025e+01
9.564986733544853337e+01
6.660024452097738390e+01
9.064373543631809582e+01
1.412234317090408240e+02
1.491708896897994805e+02
4.448059033338412149e+01
5.456209968265299892e+01
5.907843161053192915e+01
8.108198711761629340e+01
1.289812927479094640e+02
1.204931942520247929e+02
8.828172692072077155e+01
7.378282075292896991e+01
9.692747471522999092e+01
8.153543232444880573e+01
9.444551936642662326e+01
3.833482511487811450e+01
5.928543077683947615e+01
6.333164912953155579e+01
9.521817859466148093e+01
1.090814951086811817e+02
4.254088349998085050e+01
7.041167780278611588e+01
1.104720318861149195e+02
3.351357190034208600e+01
7.385974918955091084e+01
7.053222864399064918e+01
1.135710090144120414e+02
7.216411530085156301e+01
4.921593437245189762e+01
8.534099960800067208e+01
8.229155625383376105e+01
8.069219138253305346e+01
5.692079195531586322e+01
8.592163619171904543e+01
1.151348967956288476e+02
5.753420490386145048e+01
6.168823576961914057e+01
3.747666526686693089e+01
8.118200662070877627e+01
1.044180631086857005e+02
1.025750855890446189e+02
8.686560728343468440e+01
6.672256367676202160e+01
-1.191182671554993533e+01
8.396003762946818938e+01
3.571622397945040461e+01
7.000396584225030949e+01
9.547516336336509823e+01
6.319380454731123109e+01
9.467206690054761964e+01
8.917296810775422955e+01
8.617861945387278411e+01
1.036899516606300153e+02
7.720654818893312665e+01
7.463793675374914471e+01
8.168989801199244027e+01
7.811749085524340330e+01
8.969064031948965976e+01
9.131936475152916444e+01
6.412512147847702693e+01
7.396898615058398718e+01
8.139741430933457877e+01
8.251161198541227293e+01
9.903144158787159768e+01
1.164214587146704787e+02
1.160826048018284382e+02
7.672211444414075743e+01
8.011867317366339591e+01
1.245452882982551728e+02
8.049754426876349100e+01
1.292542804453670691e+01
8.766548167754780252e+01
1.128453116446637523e+02
7.548692022108747324e+01
1.012977497894135865e+02
1.117527677688282637e+02
1.289357494453123252e+02
4.452725692342627895e+01
1.101269645557642889e+02
9.882666766008803449e+01
8.517024793431176022e+01
1.182658758654008437e+02
8.994743334220652287e+01
8.541564447171010954e+01
1.105962143240384421e+02
4.434704179241641953e+01
7.274535083662861723e+01
6.444115356113121607e+01
9.833721882561553684e+01
8.049693481979903709e+01
8.247059287129545169e+01
8.316629403206809457e+01
6.048573045180926044e+01
8.318528308296883722e+01
4.515718108147184751e+01
1.068664874784851690e+02
4.546226699767106538e+01
4.394445990391311341e+01
9.278784480725268224e+01
9.540187828632602418e+01
8.592655379376850533e+01
5.690348794666263643e+01
3.464410574979923041e+01
1.209620869792816791e+02
1.012931533588303807e+02
1.063079231187792431e+02
9.750838374126104213e+01
1.073253156026542001e+02
6.999127946142192513e+01
7.363040424622630553e+01
9.453978006394946476e+01
2.240375299622676231e+00
1.030701116625440505e+02
1.059873277853077980e+02
9.922786976488643518e+01
7.922825355171532635e+01
6.899673858369760637e+01
9.036927930223460237e+01
1.028430169694057952e+02
1.018282425312094688e+02
9.439690151702306764e+01
1.177497453756263610e+02
8.370387287717001357e+01
7.878519462581073185e+01
4.135602626042530261e+01
8.463370354338638890e+01
-5.258500265732600809e+01
6.419731750508854873e+01
6.424462107330612071e+01
4.567074902478454845e+01
5.975544040010605329e+01
6.591793588472364718e+01
-9.251772556827674521e+00
8.489218459326585275e+01
5.559877120502164161e+01
8.700209570734031672e+01
6.462603305331478509e+01
6.611836531126967031e+01
9.316782188086756378e+01
7.158693574057086551e+01
5.724385200356442738e+01
1.042184265746648322e+02
6.005999120077393627e+01
1.087471306646710900e+02
1.007022520267410783e+02
8.333481944205927050e+01
1.232738695843573851e+02
9.844634814464664885e+01
1.180868658875802453e+02
1.015082397058984327e+02
6.014394958005421188e+01
6.505930026254218035e+01
9.831462113069743225e+01
5.249198538858067309e+01
8.929470915439578960e+01
9.142299752469506302e+01
6.535839953114059142e+01
6.838039834454143318e+01
8.236672800996245769e+01
9.207344442272970753e+01
1.119643213884874768e+02
1.025184676296368878e+02
7.050220428666392536e+01
5.671243758671577950e+01
9.073620902100525143e+01
1.345963746956221314e+02
7.758805919858033917e+01
9.859665502566599571e+01
9.456563519743087909e+01
1.039430351586171923e+02
1.386178695774025016e+02
1.256737607166950852e+02
8.796594729615060260e+01
8.278324532716510475e+01
1.510435973422993925e+02
1.117321675144781494e+02
1.138757805398608696e+02
9.738350655959609981e+01
1.118835694267954608e+02
6.430042657440414189e+01
1.144030001305436173e+02
1.006366468454080660e+02
5.302211061796728586e+01
6.926477479237115631e+01
1.029379588327913382e+02
1.355217625465205344e+02
1.509642268858408158e+02
1.062111242222735825e+02
9.714840851979244007e+01
1.181003077362180989e+02
7.195354347747431234e+01
1.151074725701370625e+02
9.994874046620499541e+01
1.176363297474420904e+02
1.095092218077255239e+02
1.290599058612777981e+02
8.593091487660558414e+01
8.314022187292252397e+01
1.114272033478293338e+02
1.176853803845722268e+02
1.122339685026340419e+02
7.906572334920070944e+01
1.219304915469476640e+02
1.397802813099814898e+02
9.075380230004242321e+01
1.180430637145918666e+02
9.118301159639938192e+01
8.734722154630590296e+01
1.498089978417511645e+02
1.435963668970771039e+02
1.012705397417304027e+02
1.098667728721365080e+02
1.176567742648670958e+02
1.090319014827801993e+02
1.131778307505639845e+02
1.189126988845972193e+02
6.733432926720348632e+01
8.434778902932943367e+01
6.148531961056345807e+01
7.684490731204851954e+01
1.168842829476001981e+02
-1.245727897147200025e+02
6.382185403747028118e+01
1.269764293714400054e+02
2.587928595932628184e+01
1.264750787373602918e+02
1.077435835244589697e+02
