-2.125953086293768877e+02
-2.140251359732533558e+02
-2.229187339304861268e+02
-1.924495055952332905e+02
-1.808059065389956004e+02
-2.118317327489770605e+02
-1.993986290319607235e+02
-1.985730426365263952e+02
-2.072542026343438977e+02
-2.103508831702693840e+02
-2.046504468269337735e+02
-2.060002427431446392e+02
-2.059975588820315693e+02
-2.179821552906481372e+02
-2.100911150955868436e+02
-2.056094765221826037e+02
-2.074685097635260149e+02
-2.173490279029104215e+02
-2.177389428953948425e+02
-2.134520789116479023e+02
-2.089145973104046448e+02
-2.051970003014238557e+02
-2.038569767378785400e+02
-2.027263819178843676e+02
-1.998122456152779591e+02
-1.973195243198982780e+02
-1.940030719846171792e+02
-1.894048015508477079e+02
-1.860058032524910061e+02
-1.817412149182559631e+02
-1.784578564875813242e+02
-1.817326030588058643e+02
-1.786748390708479235e+02
-1.755889787559752904e+02
-1.741063929555201923e+02
-1.709141622527735080e+02
-1.684483334183830721e+02
-1.714130317580699625e+02
-1.677271921812633764e+02
-1.655160288868793543e+02
-1.616311043383118147e+02
-1.592731463397768437e+02
-1.562305781716272577e+02
-1.538234796965581666e+02
-1.519594556210616361e+02
-1.491315720387440251e+02
-1.481540360063760886e+02
-1.462190431255068006e+02
-1.439492429929022990e+02
-1.424163208102981173e+02
-1.394315364381867255e+02
-1.377550152631365847e+02
-1.354291134128121428e+02
-1.339080224796825291e+02
-1.316835203493661766e+02
-1.314374442369551730e+02
-1.296272799266241975e+02
-1.273198478740500832e+02
-1.257504195628823993e+02
-1.279986585078082157e+02
-1.270042435799840632e+02
-1.304442507833453533e+02
-1.286315763038326452e+02
-1.273592747220446313e+02
-1.254687105628623414e+02
-1.244033665717838772e+02
-1.229647728607507418e+02
-1.244536161389042945e+02
-1.231447153174105011e+02
-1.215940648523838377e+02
-1.213260922743508985e+02
-1.198302235436967180e+02
-1.188150321761632284e+02
-1.215558224343689773e+02
-1.222732060837611527e+02
-1.212258008276514687e+02
-1.204197026848469534e+02
-1.197577932768952422e+02
-1.188083245453569248e+02
-1.174807955416696785e+02
-1.160530644507637135e+02
-1.151723609288849843e+02
-1.140442295250737885e+02
-1.132932018279004893e+02
-1.122750656605179387e+02
-1.128974980176100331e+02
-1.122899830982991602e+02
-1.122695002971095306e+02
-1.127750633787800894e+02
-1.125165040280765112e+02
-1.123208724055132564e+02
-1.118799883140254110e+02
-1.108945314325430331e+02
-1.103003444234970516e+02
-1.104142407988410497e+02
-1.102776572940551461e+02
-1.095993533211818374e+02
-1.094715862404971034e+02
-1.111940861805597365e+02
-1.103144782259834642e+02
-1.084851374116252600e+02
-1.066603537135175941e+02
-1.046104236684212623e+02
-1.052430508450841984e+02
-1.044287372717259501e+02
-1.007492545619335829e+02
-1.000916960915826479e+02
-9.854976752103826243e+01
-9.605038570891622385e+01
-9.377760902904849161e+01
-9.275778253079130309e+01
-9.083607325629432694e+01
-8.907232173777843798e+01
-8.571526228757218746e+01
-8.519653202026739791e+01
-8.380761407899586857e+01
-8.133889582905617033e+01
-7.777511424938343509e+01
-7.611825064930940243e+01
-7.472990965502521021e+01
-7.410195242431505847e+01
-7.382362812361829185e+01
-7.221462837486345165e+01
-7.064306939066635493e+01
-6.946427530679171980e+01
-6.783086374066687085e+01
-6.678333460610232919e+01
-6.684544840750025685e+01
-6.590230817752005521e+01
-6.547322090626313695e+01
-6.484113720198804742e+01
-6.205307115752768254e+01
-6.256388763792022445e+01
-6.196836806554298249e+01
-6.273426151671452544e+01
-6.399401731445151142e+01
-6.323042828499563228e+01
-6.099197102890136790e+01
-6.080776651822873902e+01
-6.009197174344739523e+01
-6.007717836952470236e+01
-5.956460393394790032e+01
-5.957784552513984977e+01
-5.916411347404837073e+01
-5.686104951449169675e+01
-5.717103541194635596e+01
-5.652187121307876794e+01
-5.657149285558218565e+01
-5.658136885988356823e+01
-5.578574945410842645e+01
-5.635515151328299055e+01
-5.583522349482584701e+01
-5.607513411749348364e+01
-5.589488243240397480e+01
-5.576791726327858356e+01
-5.458063182229050625e+01
-5.423144576726244281e+01
-5.414170001238439056e+01
-5.406215052506760799e+01
-5.174165137723180408e+01
-5.123747816662073973e+01
-4.798333042909412427e+01
-4.818262030711157706e+01
-4.770891824334226783e+01
-4.782924441250938230e+01
-4.724957890543299044e+01
-4.747593817275937766e+01
-4.576269585768159232e+01
-4.570175289865174761e+01
-4.540529432171382496e+01
-4.499275243183481621e+01
-4.489969484074250516e+01
-4.277735055563286437e+01
-3.943381043527011798e+01
-3.802947154819376152e+01
-3.778607190829141160e+01
-3.994500143414807525e+01
-3.945104980549350415e+01
-3.872399495623402998e+01
-3.876156708795655703e+01
-3.868954814179159740e+01
-3.828656379624329276e+01
-3.822387260884232063e+01
-3.755472305780854470e+01
-3.559811310992009226e+01
-3.405868372342321493e+01
-3.372218369163174145e+01
-3.205931641696274426e+01
-3.032975640040306331e+01
-3.009221290645471569e+01
-2.976483340605300398e+01
-3.007913317553219201e+01
-2.862771917363515684e+01
-2.856377799345662893e+01
-2.721686417408922409e+01
-2.649515255411079906e+01
-2.659579367604713696e+01
-2.750709498939442810e+01
-2.450465360728448871e+01
-2.436162715546973700e+01
-2.165237485348662716e+01
-2.154979533539786729e+01
-2.135800706599334831e+01
-1.994889052455134504e+01
-2.004874208515515477e+01
-1.894392984877034181e+01
-1.606957246271920070e+01
-1.620188369979767629e+01
-1.613674731266864626e+01
-1.631692428453944999e+01
-1.587502982536264184e+01
-1.554778942939111808e+01
-1.429854096744185732e+01
-1.465389390385001889e+01
-1.420249552735374721e+01
-1.460901121674251257e+01
-1.493396425960829532e+01
-1.344782057755493021e+01
-1.293448962407870972e+01
-1.107911140797412131e+01
-1.070435195090192515e+01
-7.575076244044923968e+00
-4.596969286267104771e+00
-4.624471455951011833e+00
-4.457094384831432166e+00
-6.411256108436541368e+00
-6.952779846846863343e+00
-6.731348733986015631e+00
-6.598377221959948358e+00
-6.721659190556016128e+00
-6.266791760139681422e+00
-6.080940211502849024e+00
-2.597203497317146947e+00
-2.671903183544636295e+00
-7.224118374002320708e-01
2.330623918616580692e+00
4.626077160606985927e+00
7.071869449674768049e+00
8.495965172311933600e+00
1.052438134835295891e+01
1.086136765846637431e+01
1.268920296417285520e+01
1.544985734391119259e+01
1.758953863971426301e+01
1.838935964658569944e+01
2.111968573857942744e+01
2.446167626513321380e+01
2.512485073965152438e+01
2.457510417420662563e+01
2.628433532521619398e+01
2.905811302631170889e+01
3.139575226590136481e+01
3.401239623534861778e+01
3.332081019429765689e+01
3.561714083329669478e+01
3.580665311677373808e+01
3.539616958372288735e+01
3.546998414669560873e+01
3.843683417685311099e+01
4.123550852477908535e+01
4.389955999638944206e+01
4.628630021321956178e+01
4.647449345956180622e+01
4.874414584084674829e+01
5.152809810631118381e+01
5.364402782189729635e+01
5.610058883877072589e+01
5.884423419631109908e+01
6.182515207625606024e+01
6.425390082561591498e+01
6.762958914319628434e+01
6.996980813277619404e+01
7.129532305898402456e+01
7.379604710364803566e+01
7.640274605413738129e+01
7.876844623802917056e+01
8.407646676556976217e+01
8.671682858289757689e+01
8.896302176073899659e+01
9.176789126207053471e+01
9.153637327691203041e+01
9.432868338835552890e+01
9.643901023056854172e+01
9.915647021928451466e+01
9.977123208612805172e+01
1.022454618126460986e+02
1.017942202859957064e+02
1.035138448564565437e+02
1.056149055202793505e+02
1.090054951800280065e+02
1.101249428787580769e+02
1.101779126580445336e+02
1.074811451964301483e+02
1.097102155466190254e+02
1.118972143613684125e+02
1.147573041528970492e+02
1.173798908331409763e+02
1.208702880997163334e+02
1.232643804686581035e+02
1.259483045263631169e+02
1.260280603136304478e+02
1.284774829826805274e+02
1.281809850299079301e+02
1.304330291602368277e+02
1.334054044642784902e+02
1.342955974525650049e+02
1.316783209096208509e+02
1.334886719309027114e+02
1.335734545002412403e+02
1.313887840376389988e+02
1.335955397793105135e+02
1.359735209858690439e+02
1.371733373364450017e+02
1.405384111866998751e+02
1.426728179403814920e+02
1.453532970236061317e+02
1.476679136446406062e+02
1.493249683742277512e+02
1.517908675741372235e+02
1.495706702537000581e+02
1.464247523063668268e+02
1.463562965689448845e+02
1.457539901522655725e+02
1.480986863582090223e+02
1.506963458053643876e+02
1.549906783207958654e+02
1.581461746628420144e+02
1.586954346024844256e+02
1.609808842765078509e+02
1.629846478155530463e+02
1.638000885839557839e+02
1.660639019531950282e+02
1.660523357541200937e+02
1.683551012011083117e+02
1.697109610687507768e+02
1.705033627965141534e+02
1.707908477564660927e+02
1.712537739274845023e+02
1.722902275900009670e+02
1.731022461137775394e+02
1.751398373432700737e+02
1.738472747444465369e+02
1.734117689119572674e+02
1.739616208635789008e+02
1.738662874681491530e+02
1.704076473936827369e+02
1.702991505619840495e+02
1.731814190232695978e+02
1.767168039518546436e+02
1.774593031514392294e+02
1.767650875335037313e+02
1.739680180950371948e+02
1.691870618072947821e+02
1.730900563195630752e+02
1.737468474247768881e+02
1.764603747031493413e+02
1.788775645328899486e+02
1.813188960034053139e+02
1.810477339953450553e+02
1.807566023545338112e+02
1.786786244984192251e+02
1.788876820066666085e+02
1.791598877593117152e+02
1.795845279863625876e+02
1.794983886912140179e+02
1.797507034913938639e+02
1.799453226237431238e+02
1.803153339951425096e+02
1.801759073829933584e+02
1.805451718242064203e+02
1.807434330130238322e+02
1.807874766985914050e+02
1.798958719704527880e+02
1.797915256348547928e+02
1.799851087350160981e+02
1.807053262946950838e+02
1.810698657865130485e+02
1.812072293944852674e+02
1.815225518317622004e+02
1.815001116847726053e+02
1.839358991380144630e+02
1.832272077109207089e+02
1.835179110844828756e+02
1.831335083470614791e+02
1.833686160716537472e+02
1.836311357716422492e+02
1.866489227578549901e+02
1.868798810981085978e+02
1.869285023952782296e+02
1.865030149458608832e+02
1.887071438973571560e+02
1.919731770316261077e+02
1.959884860441544845e+02
1.969322402445603188e+02
1.972032091251161319e+02
1.971013856533254796e+02
1.978083237558803091e+02
1.988314643334819891e+02
1.990568143218753221e+02
1.964021726182171790e+02
1.964623831901213862e+02
1.964261058910429654e+02
1.992094820337661361e+02
1.969120478561054313e+02
1.883759935629730649e+02
1.889082280213493448e+02
1.894553214814504543e+02
1.907737691943983407e+02
1.934361454622421945e+02
1.981713640207937317e+02
1.982962750293637555e+02
1.987465643157835302e+02
1.991891333300937674e+02
1.988131227603370235e+02
1.991436708172356873e+02
1.994393332676166892e+02
1.995294024800661532e+02
1.993635199674050398e+02
1.987435714931632162e+02
2.014177714146301810e+02
