-2.125953086293768877e+02
-2.154549633171298240e+02
-2.407059298449516689e+02
-1.010418205894748382e+02
-1.342315103140448400e+02
-3.669608637988843611e+02
-1.248000067298627016e+02
-1.927939378684860685e+02
-2.767034826168840596e+02
-2.382210079935988745e+02
-1.476460833935774133e+02
-2.208479978214640198e+02
-2.059653525486744456e+02
-3.737819086026636910e+02
-9.961655236472878983e+01
-1.383848979211190908e+02
-2.372130416250205940e+02
-3.853178362724452768e+02
-2.247574127601146756e+02
-1.320016632204564075e+02
-1.181649652855393526e+02
-1.271274631128269306e+02
-1.743764583398816512e+02
-1.767227010580189699e+02
-1.298729743527244693e+02
-1.350014919354058520e+02
-1.077753112673078988e+02
-6.525149983907279250e+01
-9.083385089850365546e+01
-5.806815322543906177e+01
-7.995710356734271329e+01
-2.832497467667660658e+02
-8.082639145619441479e+01
-7.375558836517824091e+01
-1.236984757400469590e+02
-5.918608765663989857e+01
-7.967849538032675127e+01
-2.811068703264845681e+02
-2.766528826261347618e+01
-7.928066040590175589e+01
-6.234122395611209733e+00
-6.259686839984243534e+01
-2.844271510934480673e+01
-5.031824526858708424e+01
-6.994239629921385415e+01
-2.187681083445146513e+01
-1.031873785174507816e+02
-5.527437772465069798e+01
-3.499883662788552385e+01
-6.730313386269469333e+01
9.807682167383362071e+00
-5.225243533557897280e+01
-1.448221719594037715e+01
-5.329020302381321983e+01
-1.156040531228334700e+01
-1.179032580543505446e+02
-2.825807854808920183e+01
4.203779122673700464e+00
-3.472357751515620805e+01
-2.606447562584320394e+02
-6.733934791053457047e+01
-3.402846901883845021e+02
-1.624575857404605372e+01
-4.720427506939739715e+01
-4.472604375196104876e+00
-5.515600715168281454e+01
-2.801758793256297153e+01
-2.242061157751924156e+02
-3.413945945583329689e+01
-1.459918276554295602e+01
-1.025680118120445314e+02
-1.362354366725474364e+01
-4.572125371375057767e+01
-3.216335112833901348e+02
-1.753595961387823650e+02
-4.267040661942499469e+01
-5.915624383170388967e+01
-6.879076886461287188e+01
-4.474976348536783632e+01
-1.260600425037624461e+01
-1.834577178286194155e+00
-4.383537565670869895e+01
-2.153745441255485815e+01
-5.095790296251694684e+01
-2.675162760038501375e+01
-1.658042483704371364e+02
-6.004370003756370267e+01
-1.104874965936126188e+02
-1.572646145657898558e+02
-8.950472181545761430e+01
-9.471402637481995157e+01
-7.175953598863138438e+01
-2.023249833616415927e+01
-5.504095258221914833e+01
-1.211205000811776671e+02
-9.730222433939496796e+01
-4.448217192534312403e+01
-9.707817941407806472e+01
-2.799990803066980334e+02
-2.323329072293284270e+01
-2.966122719355804094e+01
-3.297659350636429565e+01
-3.571292533531784841e+01
-1.643045382557658627e+02
-5.280015297821906728e+01
9.874071803514830048e-01
-5.904415969476885806e+01
-3.860108081404666791e+01
-2.676530140468164021e+01
-1.094334000682422392e+01
-4.566343356785895224e+01
-2.867707037176775842e+01
-2.959020069708417466e+01
-3.807596358203909404e+01
-4.774352563424862694e+01
5.068962060331492214e-01
9.658783368948640202e+00
-2.893967830517178896e+01
-5.907105275271162981e+01
6.832436207962482300e+00
-5.536924221452463968e+01
-9.929503304314910395e+01
-1.347648346439838463e+01
-1.956680263830911670e+01
-1.199356596526012453e+01
2.833966467707820414e+01
-3.022397810854066336e+00
-7.146287997886531684e+01
3.480172099517104378e+00
-1.515942609974790045e+01
-1.674873313983450984e+01
-4.443142320729314143e+00
-1.319080394954473263e+02
-1.420363112745540413e+01
-2.002878208572011545e+02
-1.851616674303384684e+02
-3.319592434739087494e+00
-5.726114471705884768e+01
-9.244837195349315806e+00
-7.701182927767403541e+00
-4.754785003341150507e+00
-1.133942484216298929e+01
-2.976687422853981246e+01
-8.945040159439567873e+00
1.603639996564538137e+02
-5.287540057991697040e+01
-3.827095863069173021e+01
-6.023654197499219265e+01
-3.598643705802464865e+01
1.225880671481889550e+01
-4.713252375007301254e+01
-2.596334898648042788e-01
-3.847327946270339538e+01
-3.526503451486357932e+01
1.136111600255873322e+00
8.252860444580012445e-01
6.660526954717191472e+00
1.317835461047844703e+01
-2.676862878347739994e+01
-2.859484147485128247e+01
-1.692202684942882485e+01
-1.486991643572104138e+01
-3.617474637579205421e+01
1.659313075329842402e-01
-1.650522129190753162e+01
2.810543555955812955e+00
-5.065351466520176871e+01
-5.288188426741248804e+01
-2.804516355284863138e+01
1.504667492824830966e+01
-6.131382282414362095e+01
-4.317784558024325037e+00
1.665131747972133951e+02
1.272050075288547433e+01
-3.492570743114657716e+01
-1.833044262918924971e+01
-2.750491964173710357e+02
-1.939560599915520811e+01
2.795572144057904396e+01
-1.636321742262877166e+01
5.367317438209230573e+00
-3.536941101877717486e+00
-1.526833567245821932e+01
1.595705214086132173e+01
1.689093671884598393e+02
-1.186130972074939294e+01
-2.639369685841614910e+01
5.579923087328653253e+01
1.569138709017887834e+01
-6.575037242062370524e+01
-6.197607633464863142e+01
-1.031895129365506989e+02
1.249089018535398594e+02
-4.864683456436603848e+01
1.357088185556263404e+01
-2.513106234155198848e+01
-5.454628411897718365e+01
-1.882083107488068094e+02
2.024505790429618912e+01
-8.930645541457430170e+00
2.412640030047529649e+02
-2.271864169748866047e+01
-1.653409839486584332e+01
-2.339288411156590897e+01
-6.278530903859990531e+01
1.114686308188322670e+02
2.283915789103455722e+02
-5.183220452189415539e+01
-2.025166269177841016e+01
-2.896103719390510634e+01
-1.473987650178092634e+00
4.046969225384387414e+00
9.533464549784225994e+01
-7.361125722285571271e+01
-2.603687984621083196e+00
-4.014467273284377313e+01
-2.283652091762929359e+01
1.196746899001643953e+02
-7.737957405089476381e+00
1.923702578184216065e+02
-1.789329650730529409e+01
2.136325376425509717e+02
2.843342123133837731e+02
-2.231701960669982299e+01
4.744141146697846700e+00
-1.670765076834327942e+02
-5.717477165188624610e+01
-4.931976869278069842e+01
1.677732330212392853e+01
-2.748762295935470590e+01
2.873800990179899628e+01
1.414201254295391230e+01
2.164656319231229986e+02
-2.167359975020432117e+01
-5.338686242760767087e+00
1.201419081713428483e+02
2.262257317643014574e+02
1.873180841897192863e+02
1.331647350683672641e+02
1.951404346763350759e+02
2.894384600800049867e+01
1.714441057284848853e+02
2.462985637452936487e+02
2.050230894208680184e+02
2.403461003435974135e+02
2.201572086194557301e+02
2.959280940246870273e+02
6.080905476838850632e+00
-9.096109360251470832e+01
1.831819218157754960e+02
2.302452463594785286e+02
2.335042904691010506e+02
2.231911174820220083e+02
-1.044236386199593483e+02
2.307691755001598608e+02
1.977651439216199947e+01
-3.438782635036686486e+01
2.055981090774994868e+01
2.699163742322727444e+02
2.512725933177463276e+02
2.494831203116066547e+02
2.238041052472912043e+02
-1.735542174156802275e+01
2.271311694360276192e+02
2.618900052545346284e+02
2.144035151145673126e+02
1.950025870221420519e+02
2.214826514866235811e+02
2.700466244416481345e+02
2.579215498642338389e+02
2.762550089338933503e+02
2.297041143999667270e+02
2.990646674179957927e+02
2.627929052192879453e+02
2.257441876177883842e+02
2.182395757599878721e+02
2.557528563366909395e+02
2.446405757336247007e+02
2.525750392247215927e+02
2.641237327105246777e+02
-1.778448107764022268e+01
2.756940700424718784e+02
1.957643485488424915e+02
2.877030510124579905e+02
2.303855538728154499e+02
2.355616629310522967e+02
-7.151784952345425950e+01
2.277616879193707007e+02
2.257974534724608020e+02
2.733085935542407583e+02
4.996869353835802485e+01
-9.789253500790636053e+01
-1.447678443078973771e+02
1.742602004545207990e+02
2.322707633304999035e+02
2.608779168113140372e+02
2.077123839054143559e+02
1.608314159087281610e+02
2.596542947984744387e+02
2.594617602290435343e+02
2.492395817314887267e+02
2.222236252075184950e+02
-4.618389367212759566e+01
2.018115289213235428e+02
2.344522213655670839e+02
2.004879296474815931e+02
-3.333607538406782567e+01
1.292028976062921686e+02
-1.177340575792544541e+01
-2.474280834541288527e+02
2.192015865169731512e+02
2.418450898812391188e+02
2.153162805554387091e+02
2.628961278026301898e+02
2.108369873835408441e+02
2.279032355896191575e+02
2.086251411858175402e+02
2.853801628588788617e+02
2.388519625858567963e+02
-2.964947422529384369e+01
-3.324850912406271846e+02
2.067869639003559428e+02
2.241035706454518106e+02
2.121526009876477872e+02
2.645100858622340638e+02
2.623567438597153796e+02
2.583748625527252898e+02
5.606225271461383386e+00
2.453222907044612384e+02
1.728887309451660315e+02
1.102820867420755491e+02
2.405233494668770220e+02
2.153090120156335558e+02
2.086029449486123042e+02
1.302473005214904163e+02
1.993820809476821410e+02
2.549742277594943971e+02
2.336107012915589394e+02
2.368101013200114835e+02
2.763422870539953919e+02
2.327029689572514144e+02
4.218784584613533895e+01
2.027479804963605545e+02
2.600082845830323208e+02
2.308127608006232379e+02
-1.257067988271850538e+02
2.850784108548225504e+02
2.943077516053921272e+02
2.625773992559895760e+02
2.574318417742360907e+02
1.608236845659279197e+02
-4.620265337755323287e+01
-2.549045112922196950e+02
2.858758126068730689e+02
2.964482860215418896e+02
2.911292422294021662e+02
2.073311566236948238e+02
2.646929579592838309e+02
2.428001734262469995e+02
2.221594292366239642e+02
4.168533470014686770e+01
2.447098560720322098e+02
9.865153522940033781e+00
2.695951921411159447e+02
2.532760757396804081e+02
2.396349951325511256e+02
2.144645002570679253e+02
2.584837886265600559e+02
2.561039632267339812e+02
2.948479939855369594e+02
2.960811278156307935e+02
2.341084829567277552e+02
2.099041946041310212e+02
2.523582716594952728e+02
2.451024976339228658e+02
2.902613317278853629e+02
2.922068055184874993e+02
2.583769365308456827e+02
2.841072829524114240e+02
2.618797180115616356e+02
2.257942642465473853e+02
2.048249273330991969e+02
2.248346859050580235e+02
2.492627772703216351e+02
2.538963263320397630e+02
2.618136329299043723e+02
2.302608490978171574e+02
2.508575219447355380e+02
2.306595831894180719e+02
2.307598486125081934e+02
2.703815886879852997e+02
2.287107784189822723e+02
2.567630569449444238e+02
2.686356204951033533e+02
2.593676513860806381e+02
2.506955696322504537e+02
2.784061941608960069e+02
2.631454736688959315e+02
2.821892936378056902e+02
-6.002410136764837034e+00
2.552606389219057235e+02
2.185958952996772098e+02
2.321537206001936227e+02
-2.793188884475260636e+01
-6.191532079476643275e+02
2.537113754851083343e+02
2.137327062603714012e+01
2.610476689010822042e+02
2.544642210264626101e+02
2.260937724010260013e+02
2.316926873739762129e+02
2.868740185232189788e+02
2.595731819864552108e+02
2.252950708269612505e+02
2.438917930734072286e+02
2.574694806277223051e+02
2.176320624307635967e+02
2.687919115927702478e+02
1.768571151616707198e+02
2.377705179214051157e+02
