-2.645919941041411221e+02
-1.979573638709065335e+02
-1.590657412835839466e+02
-1.682266834110657214e+02
-1.492304122283160837e+02
-1.272758731014542519e+02
-1.037867057413311755e+02
-9.983931239227177912e+01
-9.591201057978534550e+01
-9.477598721555735040e+01
-9.836526038580694831e+01
-9.625321423643570995e+01
-9.172933660662303623e+01
-9.432991138188322111e+01
-1.099545655883459432e+02
-1.143990983976270002e+02
-1.223255710307665396e+02
-1.216906025371048230e+02
-1.176082797166256455e+02
-1.203396440683310828e+02
-1.167171323863158250e+02
-1.164198044133794525e+02
-1.147139673586986817e+02
-1.116585647017381007e+02
-1.098104060129659842e+02
-1.101048269902262291e+02
-1.099807755058385084e+02
-1.097124910123689858e+02
-1.078431405144845598e+02
-1.068946145406435733e+02
-1.053905068166148737e+02
-1.040839684761817381e+02
-1.026978917268614850e+02
-1.016346703975091259e+02
-1.004914461768858160e+02
-1.002587820205003055e+02
-9.951466726964312670e+01
-9.865446317418071942e+01
-9.775253211771392614e+01
-9.611934011022655966e+01
-9.457820161580156082e+01
-9.402515800628231091e+01
-9.218409250140969391e+01
-9.168854098455895496e+01
-9.126182591861986282e+01
-9.014585036656723105e+01
-8.949788631297185759e+01
-8.943167596692434529e+01
-8.880281688504366855e+01
-8.797702729269055055e+01
-8.720325880552432807e+01
-8.620686131550669984e+01
-8.497919973428518858e+01
-8.438975936166463043e+01
-8.388135370465282392e+01
-8.308158642966076002e+01
-8.292886224409282647e+01
-8.239663721522656203e+01
-8.145827487257537314e+01
-8.170702144783946608e+01
-8.133160521846757263e+01
-8.230133813654198605e+01
-8.211982998448607418e+01
-8.127002874995747561e+01
-8.112423784917753267e+01
-8.058049357604555496e+01
-7.912437778959981927e+01
-7.940848258773803536e+01
-7.922551707520852915e+01
-7.860902560195029309e+01
-7.834432261691711119e+01
-7.868141760368139614e+01
-7.754703785123629700e+01
-7.763599762081790345e+01
-7.708424024985946232e+01
-7.703389143452116627e+01
-7.658902971218995503e+01
-7.592984898424299445e+01
-7.606557415725070825e+01
-7.513862243999589907e+01
-7.501150028374486567e+01
-7.450749976314159539e+01
-7.416748968561265087e+01
-7.361858938016243314e+01
-7.327862760984717738e+01
-7.291610490098139508e+01
-7.210564032493472553e+01
-7.218720764988297844e+01
-7.173930835091663027e+01
-7.126628989984931195e+01
-7.075772749471846623e+01
-7.052954080396963832e+01
-7.065199982103459320e+01
-7.036079305210657253e+01
-6.986732004241667937e+01
-7.038309294531150329e+01
-7.025222130232300799e+01
-6.958131423135837679e+01
-6.915374855799048248e+01
-6.970647921531241309e+01
-6.700915322276868835e+01
-6.575088358479266049e+01
-6.529233889397193025e+01
-6.314369220313498943e+01
-6.290673380166992246e+01
-6.335866538577936069e+01
-6.256935048116234555e+01
-6.269596177159593964e+01
-6.165110043055747013e+01
-6.068938229027371278e+01
-5.987320810898820156e+01
-5.913982233311867986e+01
-5.890644718400233870e+01
-5.662755914048497630e+01
-5.099509430729895598e+01
-4.799620864421552113e+01
-4.585328380578297924e+01
-4.383761588024189138e+01
-4.137257016242060814e+01
-3.822808834065442340e+01
-3.628375213627438711e+01
-3.520517284088838750e+01
-3.238264192372619732e+01
-3.279568268564310785e+01
-3.012616797231370214e+01
-2.700584020129883456e+01
-2.379048310436607139e+01
-2.168335905158259180e+01
-1.915914250370669336e+01
-1.678329566264559958e+01
-1.408026423239832781e+01
-1.162399018318235022e+01
-9.341336703409064413e+00
-6.797356606429934445e+00
-5.089250137042539812e+00
-1.865613301738973107e+00
-1.221375117607093275e+00
1.122879958277763768e+00
9.725449125623299995e-01
2.716609409698218069e+00
5.425680770599439207e+00
8.535661966427692704e+00
8.480000344842707705e+00
6.898910416276245350e+00
9.749517981743323958e+00
1.260289490563788917e+01
1.532937408557874193e+01
1.894872575378429147e+01
2.163084892336755871e+01
2.453185957842616105e+01
2.751987676038494968e+01
2.799780747625837307e+01
3.020032396086920912e+01
3.327480658006930270e+01
3.587720207119799909e+01
3.836950567639521381e+01
4.116310247735851391e+01
4.368705422877132349e+01
4.625778328127177019e+01
4.926418065324225637e+01
5.182764829023544451e+01
5.511292882241227886e+01
5.843010244888273519e+01
5.684675118114341075e+01
5.971284593587700584e+01
6.041357871785611877e+01
6.062326754838484533e+01
6.343428120961169014e+01
6.609914373941288090e+01
6.644827660808591929e+01
6.956133812679290429e+01
7.093081068540300294e+01
7.347783774160625114e+01
7.385723095109217695e+01
7.645252902574758025e+01
7.908541111107349764e+01
7.864385358668738490e+01
8.087294801494871876e+01
8.307681631077026907e+01
8.508232753331793674e+01
8.670170406634235860e+01
8.920361910878564515e+01
9.160685423399723959e+01
9.431078220432054593e+01
9.691903927785205042e+01
9.721633098175362875e+01
9.946056364876986322e+01
1.022410989225218856e+02
1.022971369768390986e+02
9.984796072032467862e+01
9.957281820241254877e+01
9.976504726397777745e+01
1.008407688380891187e+02
1.017121362209350082e+02
1.035948856844173065e+02
1.046904816692160267e+02
1.073305886337576851e+02
1.095758601985416476e+02
1.121736834578592266e+02
1.125804586358618025e+02
1.118759320473286039e+02
1.114191588314050989e+02
1.110377642829129030e+02
1.130413715576771381e+02
1.153334833108272477e+02
1.183139577169066570e+02
1.193798250773969016e+02
1.218848463025517361e+02
1.210388305686463752e+02
1.235997252504175066e+02
1.230194927176645763e+02
1.252963595811946078e+02
1.255181934046794083e+02
1.267037291936661632e+02
1.266934969488669083e+02
1.275634825623179722e+02
1.296129920065585566e+02
1.308306009515912649e+02
1.310574374557211854e+02
1.281988620545104709e+02
1.284016875086818459e+02
1.306783575640519075e+02
1.307700993128378286e+02
1.337005752043391738e+02
1.339632979184011674e+02
1.341544766860796756e+02
1.341782138251227821e+02
1.354211234883071882e+02
1.355946017101082077e+02
1.364333031074988583e+02
1.346011185028868340e+02
1.351861184149952066e+02
1.358269663155991509e+02
1.362001592937343446e+02
1.371999321092106641e+02
1.374354886288518571e+02
1.398710871173548469e+02
1.382032698469190279e+02
1.413360222166080291e+02
1.424788207245754279e+02
1.423030283044854798e+02
1.425969013582991352e+02
1.446964804231133428e+02
1.492908207558040772e+02
1.494691985396760856e+02
1.490823066690614951e+02
1.494136118408019058e+02
1.487575044489160803e+02
1.490248251252981220e+02
1.490207708259542301e+02
1.489394525125026405e+02
1.512816818353982171e+02
1.519946459432563017e+02
1.520950486746873480e+02
1.472183745819041008e+02
1.473918133183200325e+02
1.469803540234958064e+02
1.468995023189396534e+02
1.466643771043218010e+02
1.464992417612691611e+02
1.440564139714909970e+02
1.447132098630495705e+02
1.445271364826653837e+02
1.485944747109703599e+02
1.485574764447832194e+02
1.482240844444601180e+02
1.503653969162654391e+02
1.506861637742566131e+02
1.506770836386348549e+02
1.530592679762021362e+02
1.519788301434983566e+02
1.534648006049083335e+02
1.532795757190591814e+02
1.563540865230711177e+02
1.560797088106149317e+02
1.563370130506451687e+02
1.593373607827016656e+02
1.596885190443020974e+02
1.606346613572996205e+02
1.609434068345122171e+02
1.625921778231544579e+02
1.600803660753613258e+02
1.602672380071590794e+02
1.600447150693259744e+02
1.594954262470516824e+02
1.584455313461158426e+02
1.585997379541645103e+02
1.550895783938238992e+02
1.532059019116022114e+02
1.576469709577617948e+02
1.606487664501180461e+02
1.635974385890249607e+02
1.656260747494838768e+02
1.665044684748762052e+02
1.670255759842578414e+02
1.677113716720510297e+02
1.683071823262895350e+02
1.686663585285358522e+02
1.685184902495630297e+02
1.723516373931106500e+02
1.752388951046668524e+02
1.771367189835173122e+02
1.806245743374043400e+02
1.810717259485846000e+02
1.816765725919998715e+02
1.783503206480312429e+02
1.789542683370387977e+02
1.799821510535138884e+02
1.831709698811287694e+02
1.831202967644019850e+02
1.869760709528964924e+02
1.873187046209776554e+02
1.897102717075038072e+02
1.872894271089779465e+02
1.872884364821030658e+02
1.879570397371677188e+02
1.886904947269962918e+02
1.885490835201648281e+02
1.889557272654510882e+02
1.934672661945590164e+02
1.942562819404075469e+02
1.949137239967108428e+02
1.954246448192674848e+02
1.936690512085144178e+02
1.895181157628417452e+02
1.902617904860657632e+02
1.906612703723350535e+02
1.905124715712015018e+02
1.907633294173974718e+02
1.896322570274184613e+02
1.919022120626799790e+02
1.921148151875500503e+02
1.924458532228631782e+02
1.920508359638983222e+02
1.930158982695463123e+02
1.928428619038053569e+02
1.931191539908454047e+02
1.956581274672272457e+02
1.934387879778855392e+02
1.931911042967898595e+02
1.932519046650054690e+02
1.908025517510994291e+02
1.911893309022848086e+02
1.916743858773887723e+02
1.916757674665592504e+02
1.920472198869308045e+02
1.919672355828720072e+02
1.925171161053154378e+02
1.930230035746093336e+02
1.911748293867131281e+02
1.913858546529253317e+02
1.887624682599503672e+02
1.885437042527884444e+02
1.883574875214819997e+02
1.937692366912574755e+02
1.939366081530657198e+02
1.949386129821778866e+02
1.952131443206231154e+02
1.957871269460254098e+02
1.963149578212932340e+02
1.997177534797889393e+02
2.000434760102154996e+02
