-2.645919941041411221e+02
-1.313227336376719734e+02
-8.128249610893873012e+01
-1.957095097935111312e+02
-7.324532749731748993e+01
-1.750317746714523537e+01
3.714829841940729693e+01
-7.220755894885597570e+01
-6.449359607989393339e+01
-8.455177693750533763e+01
-1.342579920883028990e+02
-7.302070659335218750e+01
-3.744280504887096583e+01
-1.281373834602657666e+02
-3.286997244788241233e+02
-1.810670905368423291e+02
-2.491491331609990993e+02
-1.108961381448557688e+02
-4.412646894800055009e+01
-1.722355667507345629e+02
-4.426689874601048302e+01
-1.101759169817155026e+02
-7.718555215572180828e+01
-4.138430359164453165e+01
-6.545459748243496279e+01
-1.174653514217324357e+02
-1.067554369117576698e+02
-1.024688096886915787e+02
-5.550132657372073908e+01
-7.938736129925541718e+01
-6.026727509575339070e+01
-6.358127992275527163e+01
-5.834343574861340187e+01
-6.654836652888113235e+01
-6.162182267569311023e+01
-9.211553654700766458e+01
-7.272653623878485973e+01
-6.682691164207147949e+01
-6.347915197197549730e+01
-3.242485181821946583e+01
-3.293266183880110276e+01
-7.135037001599316397e+01
-1.485934129675958282e+01
-7.037982575997746437e+01
-7.248636301729990805e+01
-3.992695052419873747e+01
-5.969153984758457909e+01
-8.631978970269187812e+01
-5.861758095477112818e+01
-4.751333726738717900e+01
-4.851483444721337435e+01
-3.539058932460743279e+01
-2.114079751076709357e+01
-5.314941961277516214e+01
-5.642744822601552812e+01
-3.909438630509702506e+01
-7.437630785228877528e+01
-5.205981056984936828e+01
-2.703325899880628569e+01
-9.638306938842112004e+01
-5.880663145615363874e+01
-1.414550461390811620e+02
-7.086632455701958122e+01
-2.773255097465594687e+01
-7.179362019926178107e+01
-4.523711582246729535e+01
1.697926411581945061e+01
-9.844350406299872702e+01
-6.678386222320177978e+01
-3.607111394713203367e+01
-5.981511366459339030e+01
-1.026151616639465374e+02
4.128304324811621129e+00
-8.413006080027503231e+01
-3.625419479893482588e+01
-7.325773028414886312e+01
-4.277953881501778000e+01
-2.517293293232677343e+01
-8.665213765185315253e+01
-1.909436776866884955e+00
-6.484172778366125556e+01
-3.368345759427795372e+01
-4.628666332823928542e+01
-2.805986402779440070e+01
-4.472183890336467726e+01
-4.210167464739036092e+01
-2.405686784920636700e+00
-7.928356492038170700e+01
-3.232417004187712450e+01
-2.916764775485804151e+01
-2.498711103294349201e+01
-4.976455194582574393e+01
-8.191822939101071199e+01
-4.327856354180039489e+01
-2.348085713156678267e+01
-1.193815187203187804e+02
-5.768854357542641509e+01
-4.503328347789937958e+00
-2.725231256793722778e+01
-1.244268142901833016e+02
5.140605150230875608e+00
-5.495769840070067858e+00
-3.542802702686451255e+01
1.915515929018333097e+01
-4.954948735081121924e+01
-6.269633587808814212e+01
1.160797888811073619e+02
-8.486868799221478810e+01
3.999253802395243440e+01
1.162003709086964243e+01
-5.264057395975215314e+01
3.178709936002173109e-01
-1.410529013723605907e+01
9.975142089147051649e+01
2.345467588397765439e+02
1.188214757715015821e+02
-3.485664931774448405e+01
9.067065440925273379e+01
2.023781028341290096e+02
1.422126154258825466e+02
1.501667216919939563e+02
-2.317987443115612223e+00
2.050675395604971527e+02
-8.268837978333552030e+01
2.014968738505064039e+02
1.945674256797540522e+02
2.147802727815181925e+02
1.082435955896566213e+02
1.969203282138686291e+02
1.581973228068541175e+02
2.100358679289736870e+02
1.820461249988428278e+02
1.699219122287149730e+02
1.878496431690320492e+02
1.091888242630462855e+02
2.302481469833489882e+02
-8.302717825596847234e+00
1.675985959464142354e+02
-7.851265654351882972e+01
1.419815978953693900e+02
2.379744742513208564e+02
2.396477495668321467e+02
-2.042550345525830835e+01
-2.284888186166235471e+02
2.125743935294082405e+02
2.454107418652576200e+02
2.129563781465004979e+02
2.756153771178628631e+02
2.095947360035557665e+02
2.425877282384731757e+02
2.502868837486657299e+02
1.240248226273482146e+01
1.991108509503166317e+02
2.542988423072336843e+02
2.038121008868544095e+02
2.101359742146239569e+02
2.049833722440417034e+02
2.003353645714312279e+02
2.300396462512383664e+02
2.042566678086273271e+02
1.975401322431655444e+02
1.870730070786029842e+02
2.608510380900249856e+02
-1.860676777485881814e+02
2.148158552740970322e+02
2.483616237544408989e+01
3.794814716869265681e+01
1.826578620596865790e+02
1.997023907569160599e+02
-1.157827079828507522e+00
2.514910382061044061e+02
3.433209419706520293e+01
2.588310099451366568e+02
-4.619073985168260776e+01
2.232756126666057526e+02
1.900304782484431314e+02
-8.693529125362918819e+01
1.977365098938068968e+02
1.337346919303008121e+02
1.986416854778994718e+02
9.709592551878191102e+01
2.165080466500488683e+02
1.940368491929185097e+02
2.423329330045402230e+02
2.161038684497856650e+02
-1.237250425723118497e+01
2.220175799167016066e+02
1.987699624548218935e+02
-2.672036461015711950e+01
-2.740852734063016669e+02
-5.250136282415833477e+01
-3.054164578930053153e+01
2.565392802012179629e+01
4.385817474279073735e+01
1.647940892166646449e+02
-9.821920240447511219e+00
2.063221528787378531e+02
2.200238281306079671e+02
2.325300133638170621e+02
-8.374929648992439013e+01
-6.531205370308869362e+01
-5.117309143242204073e+01
-7.356748187608113199e+01
2.195158867666057176e+02
1.796616879642003539e+02
2.353511047298526648e+02
2.226665249301306631e+02
1.656334345232686189e+02
-4.460903536658410928e+01
2.677095052679837863e+02
-1.106638272350452468e+02
2.280045573466023825e+02
8.078092211242733356e+00
2.183049997901493384e+02
2.335235343598493216e+02
2.058200371166087450e+02
1.700942951063142914e+02
2.124315489125276031e+02
2.250617532471175082e+02
-1.436449246951875409e+02
1.704492671091303180e+02
2.253490180938919138e+02
2.142417144390869908e+02
2.103592093667981544e+02
2.277691452567064516e+02
2.136853024476080805e+02
2.171539866858258279e+02
2.325345619080955260e+02
2.142681503939717231e+02
2.420674625459186018e+02
2.681740746777229845e+01
2.405461162096822534e+02
2.340067022891087163e+02
2.251689409825509642e+02
2.091661058106784594e+02
2.538037989474661060e+02
2.352571310247041367e+02
8.168689028311462152e-01
2.347625804253798094e+02
2.562614486921103207e+02
2.203952322423260739e+02
2.690350549481976259e+02
1.895324030261641042e+02
2.309452146524500904e+02
2.304121719166067521e+02
2.067215548037991084e+02
2.460868953205433343e+02
2.100046379292800793e+02
2.363268036417604208e+02
2.421822983040828490e+02
2.421550524035083640e+02
2.466254145522933356e+02
2.704072617361256334e+02
2.643391154503378289e+02
-2.838553083914699755e+02
2.274798478562158266e+02
1.638374427616216167e+02
1.922501941158141676e+02
2.065271247894515909e+02
1.877431335033633957e+02
-4.674264673464793418e+01
2.527525962344573713e+02
2.422437000516052592e+02
2.206661450819116794e+02
2.111160286553800347e+02
-8.503037656866197835e+00
2.520793943492259075e+02
2.147345478588027845e+02
1.987943771947407754e+02
2.370606066768995959e+02
1.434472549357257378e+02
1.829291403380665884e+02
2.403085213602191175e+02
2.612603405495142397e+02
1.958378414209833807e+02
2.157609022514676553e+02
2.130994819520182091e+02
2.328523360538512463e+02
2.283489232300522076e+02
2.295162331991594442e+02
2.619730243830092604e+02
-3.467312812926566323e+01
2.127240423726921961e+02
2.200806392212323317e+02
1.611749862223543914e+02
-1.173619943508169428e+02
2.374382407215712192e+02
-1.522459935792391832e+02
-2.150880128323265126e+02
1.700216312096587217e+02
2.476781864114653047e+02
2.643255681013922640e+02
2.285175440660147217e+02
1.316975472820205368e+02
2.169048401548321294e+02
5.875764853886545325e+01
2.659032183025891527e+02
2.559414483552418744e+02
2.177431854665363176e+02
2.995654178648316588e+02
2.234137174525305909e+02
1.386092964526256139e+02
2.752180535126262271e+02
2.642310478846344495e+02
2.401463523057249745e+02
-9.727408966701273130e+01
2.830612938308895536e+02
2.684217061707746552e+02
2.742728473949024419e+02
2.626421935953064803e+02
2.749135916144050498e+02
2.622679241547248239e+02
2.472348008638562931e+02
-2.377946006243947608e+01
2.334244716723569582e+02
2.726803626230830560e+02
2.434397940891675205e+02
1.982904282293833944e+02
2.657261277757423841e+02
3.075089682156013851e+02
2.493508416939836252e+02
2.910932237242183191e+02
2.653337966947524365e+02
3.479984829149668712e+01
-1.873243993105597269e+02
2.880527747700102736e+02
2.571019753127531544e+02
2.176546817947397585e+02
2.393539350135703785e+02
1.289602235480108448e+02
2.538129109939307000e+02
2.618064286966886129e+02
2.671105058204215652e+02
1.856672150860620718e+02
3.056723363754801994e+02
2.365001623733694203e+02
2.628863397287085490e+02
2.547142165410132577e+02
1.282863149120807122e+01
2.314930805825464404e+02
2.264752690638844967e+02
2.409976355759586397e+01
2.282103181447042175e+02
2.794507121628396931e+02
2.305503308336579664e+02
2.438667968409492914e+02
2.380884649146698564e+02
2.649926901736221225e+02
2.869155505711502769e+02
5.736487951446460443e+01
2.632575790247256577e+02
-1.571322474520434298e+01
2.485308610199340649e+02
2.457174423196923385e+02
2.573196085860748781e+02
2.442169940370426957e+02
2.640379256728375026e+02
2.197033279603392657e+02
2.639253873296875668e+02
2.405262210301440859e+02
2.935369191149237622e+02
2.853248492771131737e+02
