-2.976323805491558687e+02
-3.457984148894687451e+02
-2.673251925800860249e+02
-3.243020057361717932e+02
-3.676284634601885273e+02
-3.551707972166265677e+02
-3.121616738721997422e+02
-2.672640159414986556e+02
-2.580566589059019407e+02
-2.603185904435384259e+02
-2.509460459087319748e+02
-2.448267348693455858e+02
-2.434015975909490521e+02
-2.396086277127944584e+02
-2.142088353496095294e+02
-2.164077889522010310e+02
-2.039907197909870717e+02
-2.052465461110708134e+02
-2.030418250620479910e+02
-2.012723913530358857e+02
-1.986280808084725606e+02
-2.017149589212830563e+02
-1.958489696357062826e+02
-2.009533028138203861e+02
-2.094645838490238816e+02
-2.071278558751693026e+02
-2.091027978716728910e+02
-2.064152569395676551e+02
-2.031893136743388482e+02
-2.089297672445707406e+02
-2.120297818829661480e+02
-2.158938054160964555e+02
-2.153496835740274093e+02
-2.154773496676959610e+02
-2.158490541696181708e+02
-2.172810525310584353e+02
-2.176194696911646247e+02
-2.168459509684298041e+02
-2.169892057964824801e+02
-2.144256373791789940e+02
-2.131483626413308059e+02
-2.103016175001993702e+02
-2.085474649982405140e+02
-2.088458274114690312e+02
-2.085342566754590905e+02
-2.079467588780508152e+02
-2.057045822964708748e+02
-2.028408432186053290e+02
-1.999406767386799970e+02
-1.981716959583481241e+02
-1.971897705420308284e+02
-1.959872739544737783e+02
-1.943409233560153666e+02
-1.924154248416798509e+02
-1.907469662628562332e+02
-1.883731691787537272e+02
-1.865961557487185871e+02
-1.846883395659839380e+02
-1.839705587229188950e+02
-1.821676429283665470e+02
-1.805840278748904666e+02
-1.800192476803019304e+02
-1.782355501831305276e+02
-1.772870190675483570e+02
-1.762960500665284655e+02
-1.749830789975589482e+02
-1.742824003567723423e+02
-1.733024443274983355e+02
-1.728030251172575902e+02
-1.718125157277304424e+02
-1.708030685722336557e+02
-1.700033318135908473e+02
-1.693337770069935573e+02
-1.693391190399638617e+02
-1.690393504210644835e+02
-1.685715136667283502e+02
-1.678973803850210231e+02
-1.671249394225927460e+02
-1.661753859196649614e+02
-1.649906994752006710e+02
-1.640876764539568455e+02
-1.630941413672484259e+02
-1.620030585978624060e+02
-1.616252619837334521e+02
-1.612541145130490463e+02
-1.605171298631927925e+02
-1.600226364140680744e+02
-1.589211554052337476e+02
-1.591065580822449306e+02
-1.581880364241575592e+02
-1.580103347411998982e+02
-1.572879163872261188e+02
-1.565140690716833092e+02
-1.555884611526815604e+02
-1.546237979810240120e+02
-1.543983866145237300e+02
-1.538067471162548259e+02
-1.536755528352123576e+02
-1.533882796147533440e+02
-1.525718244870512308e+02
-1.500591593737705409e+02
-1.472081905827176627e+02
-1.464011555193850143e+02
-1.428308828197623939e+02
-1.384724744503682530e+02
-1.365389493022336751e+02
-1.370124235440797520e+02
-1.393841578433822406e+02
-1.381459823207838156e+02
-1.364414830268959520e+02
-1.363349582991265549e+02
-1.359391142407927475e+02
-1.349977973561797455e+02
-1.341840154658394511e+02
-1.362808910618641391e+02
-1.348187865142673445e+02
-1.358248609659535759e+02
-1.343999442248696425e+02
-1.337910346904424728e+02
-1.328918126985892911e+02
-1.329561344894680133e+02
-1.310424313489633903e+02
-1.307772538713198287e+02
-1.282903727800279512e+02
-1.243571235296668647e+02
-1.235386855785807825e+02
-1.217208443710986501e+02
-1.211852879379751187e+02
-1.211664484168142906e+02
-1.182826477640110596e+02
-1.165230834763298446e+02
-1.136092955617769462e+02
-1.125901235746414386e+02
-1.112587310784209080e+02
-1.093659294971145215e+02
-1.072325257786059893e+02
-1.057100751912068404e+02
-1.045155020207956085e+02
-1.027740467306220893e+02
-1.026319058824348218e+02
-1.018725099019113145e+02
-1.020313435578081567e+02
-1.015630440195685651e+02
-1.005409099167753624e+02
-9.900320915397639965e+01
-9.803268250407626283e+01
-9.735490966378976907e+01
-9.768137672954615880e+01
-9.772857301416939890e+01
-9.720625944756945103e+01
-9.652194763849698234e+01
-9.556145837411695254e+01
-9.533650983831751091e+01
-9.500044155917338173e+01
-9.527209594287623418e+01
-9.574653168481954424e+01
-9.570398672651671745e+01
-9.609659602923983357e+01
-9.568530735631804873e+01
-9.560052310414963017e+01
-9.552100685412381154e+01
-9.451174041225074518e+01
-9.471328158678464604e+01
-9.398132925046849095e+01
-9.383157105207529014e+01
-9.384707889679256709e+01
-9.277559407240194389e+01
-9.266072149176925166e+01
-9.219161143736299380e+01
-9.221693857043135267e+01
-9.209058338350379813e+01
-9.183155025270107785e+01
-9.182469472232060070e+01
-9.095497449781231580e+01
-9.063232265242402264e+01
-9.040928153571921655e+01
-9.046133740267640633e+01
-9.009214687264491772e+01
-9.008584467142537733e+01
-9.050759823612580135e+01
-9.029758918670529511e+01
-9.043035720574943070e+01
-9.054364049005407367e+01
-9.006095888372198033e+01
-8.986748013628280773e+01
-8.993370092770815916e+01
-8.970894510194746374e+01
-9.008091653521887565e+01
-8.926237775882894709e+01
-8.964194753966621931e+01
-8.917296572863082815e+01
-8.943483752415384913e+01
-8.942644358901580404e+01
-8.948333738458582332e+01
-8.935211375686536428e+01
-8.945837218932233270e+01
-8.899872646249828279e+01
-8.839249545148400955e+01
-8.763449367861363726e+01
-8.811898302384119575e+01
-8.858389240035381818e+01
-8.853511937139799670e+01
-8.878504589469834229e+01
-8.893390733955504857e+01
-8.888361160941836658e+01
-8.910545843108180009e+01
-8.889986383268094983e+01
-8.804021665167978483e+01
-8.821041113560427505e+01
-8.806770794579773565e+01
-8.787757447571385683e+01
-8.735548792975326649e+01
-8.715950115511324725e+01
-8.715475149025583335e+01
-8.738341517022251992e+01
-8.753606556468118072e+01
-8.717653432912071310e+01
-8.701833278344879830e+01
-8.776232884287706781e+01
-8.834110591603075591e+01
-8.727242078111923718e+01
-8.856772742036577029e+01
-8.886302797089904004e+01
-8.976200338526098221e+01
-9.030099624945756887e+01
-9.060946235677226923e+01
-9.178906473198996707e+01
-9.121442452522957467e+01
-9.084303357221995157e+01
-9.019931875536721577e+01
-9.093929896363646037e+01
-9.091823041412735051e+01
-9.010131470789883679e+01
-9.013759243896625151e+01
-9.059032759470557039e+01
-9.035680332328344377e+01
-9.156218766133024189e+01
-9.272744444276146680e+01
-9.321181632155789032e+01
-9.304886065839724552e+01
-9.291885750755268703e+01
-9.215043683042678424e+01
-9.188161679296158013e+01
-9.167131901289526752e+01
-9.201452995204272156e+01
-9.161066902513732657e+01
-9.194404353358781634e+01
-9.211663012747001744e+01
-9.252946207883296381e+01
-9.225237752474529884e+01
-9.165505100045473341e+01
-9.229902249117353108e+01
-9.244247842194096165e+01
-9.272503982343761209e+01
-9.208582787376417400e+01
-9.179081111398329540e+01
-9.177628795320794097e+01
-9.123473923089315463e+01
-9.091208331794682351e+01
-9.091724092635416810e+01
-9.071381759456407678e+01
-9.101964317727809828e+01
-9.085223390538105548e+01
-9.101631934597786255e+01
-9.105262379284151564e+01
-9.023583893445089643e+01
-9.068891301424707763e+01
-9.045772329454807448e+01
-9.047108749861813237e+01
-9.018864667330943519e+01
-8.987425391000090258e+01
-8.951859730095850409e+01
-8.892072475171521262e+01
-8.824548621626784950e+01
-8.806963285093804927e+01
-8.764950523149904882e+01
-8.684726636918087195e+01
-8.689477983561556584e+01
-8.686234844693873924e+01
-8.634235940496223805e+01
-8.607561843907662080e+01
-8.539527828731343106e+01
-8.484809070085438520e+01
-8.406672520455177278e+01
-8.393631768299927387e+01
-8.317190798754737102e+01
-8.301821625139830019e+01
-8.278622624079545744e+01
-8.311854100781152965e+01
-8.303872133199210737e+01
-8.268729620421827065e+01
-8.240420745745802833e+01
-8.178098625023187651e+01
-8.193922022335988231e+01
-8.205591704662110430e+01
-8.132922076690562108e+01
-8.145587335276330521e+01
-8.146999263969311755e+01
-8.204367728047364494e+01
-8.187907303439801865e+01
-8.210484681463879042e+01
-8.184098985230203027e+01
-8.213110526171496417e+01
-8.158603293359277586e+01
-8.103545486550036969e+01
-8.057930957773670855e+01
-8.108995909169371430e+01
-8.092833478206267728e+01
-8.094203195233048120e+01
-8.007700337656181944e+01
-7.937630315244045676e+01
-7.923813127740464779e+01
-7.870723286151030607e+01
-7.856463020845470169e+01
-7.814015367660749689e+01
-7.732220803855643965e+01
-7.751493751956056144e+01
-7.728349711207494011e+01
-7.628257152422794718e+01
-7.614456127795394025e+01
-7.674337862617890949e+01
-7.556208768639994844e+01
-7.568068797834150985e+01
-7.497570459495695161e+01
-7.471258044200085635e+01
-7.449161927196968236e+01
-7.342418531910924173e+01
-7.383019012011209270e+01
-7.368091973176908027e+01
-7.421621583690961188e+01
-7.278293646035064057e+01
-7.272535222640514974e+01
-7.316821538429181260e+01
-7.300499736375873283e+01
-7.303593114864658276e+01
-7.362223104269450857e+01
-7.253628385625314934e+01
-7.177740737553810391e+01
-7.140112654695086292e+01
-7.074468550719299742e+01
-7.057732636708188068e+01
-7.114545042890053139e+01
-7.109620384284193051e+01
-7.102878583221553299e+01
-7.115215412903101821e+01
-7.161066374126421863e+01
-7.351518279561652491e+01
-7.303287624352256557e+01
-7.257030720652284117e+01
-7.234408232065953825e+01
-7.317613958066630175e+01
-7.257903724147813307e+01
-7.215772339026533189e+01
-7.204313134616145931e+01
-7.176864013565892719e+01
-7.213024464416047010e+01
-7.240737802939294454e+01
-7.257650604724477716e+01
-7.298796324633876509e+01
-7.239730612196180459e+01
-7.270102837828322606e+01
-7.259695410772212654e+01
-7.332335060460560783e+01
-7.345504597079019504e+01
-7.346006109668060446e+01
-7.422117085473655607e+01
-7.450213477039798704e+01
-7.423779894050802852e+01
-7.365644850829539791e+01
-7.436010690346955698e+01
-7.402341553384582085e+01
-7.341916191294738780e+01
-7.369942031350861100e+01
-7.423416255038037548e+01
-7.426321573883770100e+01
-7.493743573641090450e+01
-7.536628785259479457e+01
-7.525355545513501454e+01
-7.482485438441561598e+01
-7.493988232231382085e+01
-7.690556519240244882e+01
-7.737808630052776948e+01
-7.766066015038416026e+01
-7.793144929950814515e+01
-7.756053361104754629e+01
-7.743017520511766350e+01
-7.706154116480730920e+01
-7.718251473612156133e+01
-7.668192174532580907e+01
-7.690764066968243640e+01
-8.147279809469689837e+01
-8.173676052373328105e+01
-8.182175192443349943e+01
-8.085394675966256273e+01
-7.996282106382629706e+01
-7.805109389077293258e+01
-7.769534524317963076e+01
-7.465342885890252944e+01
-7.436698817524502658e+01
-7.392897135244555784e+01
-7.350980078066704948e+01
-7.374923152507734869e+01
-7.342384433774917341e+01
-7.109928385779454629e+01
-7.128863266667912058e+01
-6.875229983702786285e+01
-6.543186980879335124e+01
-6.306275984325507267e+01
-6.287937898988089813e+01
-6.115080186184815858e+01
-6.254789930372021445e+01
-6.753089423730938279e+01
-6.552244816508067515e+01
-6.443983264144932832e+01
-6.451054578414017726e+01
-6.308128553399111382e+01
-6.240629714468904865e+01
-6.159644782150618880e+01
-5.978331340268637462e+01
-5.682489485742017621e+01
-5.662875626786798477e+01
-5.441726153729455007e+01
-5.384956232172965684e+01
-5.110473425075753084e+01
-5.134131431236343701e+01
-5.146427097870156331e+01
-5.102670949651118804e+01
-5.229797055844761644e+01
-5.233289328089738746e+01
-5.213567056726580518e+01
-5.021311799849561197e+01
-5.051442258434742882e+01
-4.889381796829102456e+01
-4.686635039074165121e+01
-4.776611756189462454e+01
-4.724916867748355997e+01
-4.686297857235531694e+01
-4.602988853891874044e+01
-4.597793388925616398e+01
-4.719082129644939982e+01
-4.675205571034344842e+01
-4.620022248742896664e+01
-4.712237144475368211e+01
-4.623094110785254429e+01
-4.596800370644946554e+01
-4.353320618675580533e+01
-4.324502156901719019e+01
-4.295985254984646673e+01
-4.291423513330846617e+01
-4.348017030397103611e+01
-4.277441329506345369e+01
-4.305463765775237306e+01
-4.266501651867312717e+01
-4.192883039941185075e+01
-4.220762751452970463e+01
-4.122440881429678683e+01
-4.071342395830077976e+01
-4.031256598685494197e+01
-3.972584457278977510e+01
-3.974273326712356891e+01
-3.887582016655460393e+01
-3.886283742808846142e+01
-3.804361266593799229e+01
-3.769307444980920252e+01
-3.720844277269547717e+01
-3.670584490101909836e+01
-3.645971090749726784e+01
-3.655866651963189895e+01
-3.669706549779398586e+01
-3.627548042847884346e+01
-3.651981003869633469e+01
-3.674108371118336436e+01
-3.614015865551652240e+01
-3.578921523609410826e+01
-3.504535298503660101e+01
-3.370823193176182286e+01
-3.327908954451316959e+01
-3.230499255518262203e+01
-3.214162903151670747e+01
-3.172835672026104348e+01
-2.964309169429893132e+01
-2.910786886590210187e+01
-2.817620448485567053e+01
-2.817080155781226125e+01
-2.596398449850057943e+01
-2.547231912496176065e+01
-2.311181693191008790e+01
-2.246936109462729192e+01
-2.165495542109245264e+01
-2.104351732092244376e+01
-1.590003353726248214e+01
-1.498488261264943588e+01
-1.493759188505277713e+01
-1.511377628119753602e+01
-1.584553743584366181e+01
-1.767686816039347164e+01
-1.763766784879186744e+01
-1.830029800518810035e+01
-1.740269050962028530e+01
-1.492951174485687993e+01
