-2.666882950419255280e+02
-2.994219616859887196e+02
-2.407884129180627895e+02
-3.216171355036279920e+02
-2.979739180981812297e+02
-2.672179973820490204e+02
-2.957118116313705514e+02
-2.943613124257911977e+02
-3.168967518148307931e+02
-2.992128163800934999e+02
-3.163007878691960286e+02
-3.236810176240192618e+02
-3.220216380925502904e+02
-3.281907885399886595e+02
-3.211289354579735686e+02
-3.187623358017212922e+02
-3.074670081259170615e+02
-2.993978400857885163e+02
-2.897194524339307122e+02
-2.832909027205852226e+02
-2.713869893427946067e+02
-2.697838818990443315e+02
-2.642521095491159713e+02
-2.571184731544651640e+02
-2.466038843887490373e+02
-2.432969227125747409e+02
-2.399382567958713537e+02
-2.342531824454377443e+02
-2.284003129887571504e+02
-2.242634372536919329e+02
-2.184090121724111953e+02
-2.148702832188162120e+02
-2.112055024732144375e+02
-2.096582600946887851e+02
-2.068148380272956217e+02
-2.051814166258479304e+02
-2.023487397434684567e+02
-1.965121094382092224e+02
-1.938759819268913418e+02
-1.921395905410607838e+02
-1.895571091820344236e+02
-1.897680830102174241e+02
-1.874732332424254935e+02
-1.860175124082743707e+02
-1.844822807160125819e+02
-1.829532890576608679e+02
-1.841788653711814732e+02
-1.826680674347348088e+02
-1.835980073083974560e+02
-1.831895577380932707e+02
-1.819403237741488795e+02
-1.807154021746830779e+02
-1.793855970871142631e+02
-1.803337380766141393e+02
-1.784277241789155823e+02
-1.764105414439421509e+02
-1.749165727736145755e+02
-1.756438628260897588e+02
-1.761501788729003692e+02
-1.741928574461626056e+02
-1.753707997855877068e+02
-1.727913716201329635e+02
-1.713078476720466767e+02
-1.702666353532659116e+02
-1.692351175617299646e+02
-1.691771371356272766e+02
-1.681916337227341387e+02
-1.668508640023863450e+02
-1.671795060050892516e+02
-1.675420128966921425e+02
-1.676537869511267331e+02
-1.675144928609232693e+02
-1.652963137608310262e+02
-1.643856373165023683e+02
-1.662955826701926583e+02
-1.656922049462030202e+02
-1.654612026551825181e+02
-1.641840973166853530e+02
-1.641126364116692287e+02
-1.627847453377716533e+02
-1.622738833750658785e+02
-1.601491824932332690e+02
-1.590873650762383420e+02
-1.565301877021960877e+02
-1.549429786549719665e+02
-1.535304718813275144e+02
-1.498714531557254190e+02
-1.468936786866699435e+02
-1.455363676111554128e+02
-1.442514497074128599e+02
-1.440146377774148334e+02
-1.442423485396782610e+02
-1.440284140438372447e+02
-1.435216352999161415e+02
-1.418911078183200516e+02
-1.412579581643483095e+02
-1.406764569167533239e+02
-1.406516626793111584e+02
-1.409555400746562555e+02
-1.418858152573448308e+02
-1.399345109839235590e+02
-1.384491413641766258e+02
-1.396464366689222345e+02
-1.360612501154286917e+02
-1.355031411061335973e+02
-1.368118896724868989e+02
-1.341552953764192466e+02
-1.327533182346403464e+02
-1.300359133333801083e+02
-1.302274901404848890e+02
-1.270708525844306536e+02
-1.239674851383754515e+02
-1.230355641941301599e+02
-1.198833418766216852e+02
-1.198142719909702976e+02
-1.182366795060034548e+02
-1.177397291414124112e+02
-1.171649364869314383e+02
-1.171892817255826458e+02
-1.161160250550540667e+02
-1.169884885634056104e+02
-1.154583441672494502e+02
-1.144944150793716062e+02
-1.146972944618973429e+02
-1.158949291317858439e+02
-1.150688187893254479e+02
-1.144018127144438211e+02
-1.146947088401806667e+02
-1.151236094185894530e+02
-1.147968877350771066e+02
-1.151610824612709081e+02
-1.149228590564193127e+02
-1.147320619072273047e+02
-1.140761866017670627e+02
-1.138010424707998993e+02
-1.129696995768622401e+02
-1.126881588863088126e+02
-1.134732479568120880e+02
-1.129144313266069304e+02
-1.124214848138111051e+02
-1.120684190539843428e+02
-1.106660941235530231e+02
-1.104771739074347749e+02
-1.100756088161499804e+02
-1.092802720304258912e+02
-1.092749194036035760e+02
-1.078411530094410722e+02
-1.078221487223325141e+02
-1.068325716513450772e+02
-1.060743242334128666e+02
-1.062109726075210716e+02
-1.054794983510341666e+02
-1.047763327717192965e+02
-1.032717495484344710e+02
-1.043105742208594933e+02
-1.048035671590622968e+02
-1.047045240790207430e+02
-1.030950304215405708e+02
-1.029658552251224677e+02
-1.039208694606108310e+02
-1.022728358299471267e+02
-1.030993256899529484e+02
-1.039507107869360567e+02
-1.033142606384292606e+02
-1.035600623603495478e+02
-1.029386372975836679e+02
-1.036332953946080977e+02
-1.037831192757249426e+02
-1.044927600840141366e+02
-1.038454382555761555e+02
-1.040905185494012528e+02
-1.035760704197275857e+02
-1.047261344957274503e+02
-1.047231942951325294e+02
-1.023287945788750619e+02
-1.023933608928017946e+02
-1.021817793194063455e+02
-1.016487011013868198e+02
-1.005610980820085416e+02
-1.011564912076647147e+02
-1.013054438671529027e+02
-1.026300097766826411e+02
-1.040360921858952565e+02
-1.059353964964998909e+02
-1.075598816620300227e+02
-1.085398836374544231e+02
-1.108085617317247653e+02
-1.122574875744345064e+02
-1.133045571265310230e+02
-1.143462015230117714e+02
-1.141454878013506118e+02
-1.127384104240247211e+02
-1.132114687757223805e+02
-1.133796801610619127e+02
-1.147648175073013732e+02
-1.149150473816062572e+02
-1.154902175070879622e+02
-1.151182942344630646e+02
-1.140206095992595579e+02
-1.124702776819273708e+02
-1.129610151529984137e+02
-1.114747841121266845e+02
-1.099256978158354485e+02
-1.084780611579092522e+02
-1.081942943450627581e+02
-1.064980353504753054e+02
-1.056756348141878448e+02
-1.046168791294229834e+02
-1.038336087349366181e+02
-1.029576325326240465e+02
-1.018460649686195438e+02
-1.018748101859687836e+02
-9.977578774749049728e+01
-1.002153159178564010e+02
-9.904506556923232097e+01
-9.792732719563191779e+01
-9.814605225333153271e+01
-9.775767648782857577e+01
-9.709406738047744057e+01
-9.772976226157628332e+01
-9.708594635561375696e+01
-9.709898617766198470e+01
-9.719366023215030737e+01
-9.715414034318823155e+01
-9.652737261716384864e+01
-9.618693824167580431e+01
-9.660308452274507829e+01
-9.630411805168856176e+01
-9.514540798551530543e+01
-9.503843645091079395e+01
-9.457859784124264024e+01
-9.397235967904666154e+01
-9.315526521060124310e+01
-9.292779663999468198e+01
-9.224432860212804997e+01
-9.169583476442493009e+01
-9.194363949622868404e+01
-9.150843771620013456e+01
-9.135714014369847291e+01
-9.122309693495634519e+01
-9.082952335602608684e+01
-9.011758422333340945e+01
-9.077203199284072355e+01
-9.045868093774032559e+01
-9.026991022028194323e+01
-8.935178209372382696e+01
-8.875938304349932650e+01
-8.805189083176297515e+01
-8.698979654735447298e+01
-8.728960376321566628e+01
-8.731001099660657871e+01
-8.676644794323868837e+01
-8.631419978223817679e+01
-8.589378424296489811e+01
-8.449695083829264775e+01
-8.312017231310333898e+01
-8.250417844793830113e+01
-8.247182291055224823e+01
-8.142829221233512271e+01
-8.025974755242921788e+01
-7.999284265307464636e+01
-7.960523827957229059e+01
-7.841545186456630745e+01
-7.869573794044913484e+01
-7.957318248114016512e+01
-7.874283189033312169e+01
-7.730576678900439447e+01
-7.648838677772280903e+01
-7.468336984399196865e+01
-7.341916759129061631e+01
-7.298878747086166641e+01
-7.218201157881235019e+01
-7.104905845591770230e+01
-7.064636504678648521e+01
-7.038172332005562737e+01
-6.958874560117607189e+01
-6.897357011603185128e+01
-6.935033048520712384e+01
-6.952798943933241560e+01
-6.865150248870992300e+01
-6.776149407620384579e+01
-6.668505466047074037e+01
-6.547414961342843753e+01
-6.558136200766018931e+01
-6.424007186718023377e+01
-6.358996262945824895e+01
-6.357492023381216484e+01
-6.395687435183006642e+01
-6.326133650253873242e+01
-6.260196010457698890e+01
-6.202900690869176259e+01
-6.257573370140523394e+01
-6.136621232188905140e+01
-6.095091388978717362e+01
-6.046601142367458692e+01
-5.958962070350538909e+01
-5.833569530548999182e+01
-5.747314287809589928e+01
-5.751036875928932091e+01
-5.714587037268393033e+01
-5.660677293214604333e+01
-5.694271101134723523e+01
-5.625312367357724952e+01
-5.609209076560471630e+01
-5.499091501175358587e+01
-5.439526865743734874e+01
-5.335952579934633633e+01
-5.292303517779659927e+01
-5.184635036840888489e+01
-5.178771827580667519e+01
-5.167340391450657933e+01
-5.105487290772177289e+01
-5.136107849072587328e+01
-5.011281045901768039e+01
-4.895133042594546424e+01
-4.926699879927328851e+01
-4.867357285725230298e+01
-4.817241922410202193e+01
-4.836077096865879810e+01
-4.741961540434901679e+01
-4.739168152778837140e+01
-4.666440588789973276e+01
-4.647793643154786025e+01
-4.580414241991467605e+01
-4.568892961505701322e+01
-4.524223857654779835e+01
-4.438119451184908115e+01
-4.409025434809461075e+01
-4.470858152556254339e+01
-4.411790747740109708e+01
-4.441623223469085957e+01
-4.463957837187604127e+01
-4.533324112672669770e+01
-4.486297867142924645e+01
-4.524564413262623219e+01
-4.533205139246927473e+01
-4.472272488447148220e+01
-4.468088779796449472e+01
-4.478895364960331449e+01
-4.461599379948953015e+01
-4.491555050642893576e+01
-4.560042652610751901e+01
-4.433992030597065082e+01
-4.403352912632905714e+01
-4.393086474028623911e+01
-4.427182385467682479e+01
-4.428174024580199131e+01
-4.413477017226259136e+01
-4.443422302839005056e+01
-4.342813080366718026e+01
-4.247302491043778616e+01
-4.289587586185289325e+01
-4.331449964643910988e+01
-4.321322241089124816e+01
-4.358478720552128749e+01
-4.379594900548332248e+01
-4.400266668746792931e+01
-4.412757433247966787e+01
-4.364886407719291128e+01
-4.372429626427891947e+01
-4.374022436697038785e+01
-4.370724842487162931e+01
-4.391352675243673787e+01
-4.328224887091956674e+01
-4.151651804003056867e+01
-4.169887074927392234e+01
-4.183305845852662941e+01
-4.214144818511367419e+01
-4.155605123807206525e+01
-4.247405289766070524e+01
-4.106537071410460982e+01
-4.127611120745914519e+01
-4.166659087484887181e+01
-4.138101262884251241e+01
-4.169896397339397254e+01
-4.118964374926618177e+01
-4.097140432043359226e+01
-4.100955969047363681e+01
-4.065047805800927705e+01
-4.042749201582154228e+01
-4.020071223818428052e+01
-4.045353613527006331e+01
-4.009173200208557120e+01
-3.917110452680254440e+01
-3.895488442063994938e+01
-3.877285853019472484e+01
-3.854769184099153989e+01
-3.813121745330060008e+01
-3.840604354637940077e+01
-3.808539908818783459e+01
-3.847444635711265448e+01
-3.820258545790013471e+01
-3.855342888315922778e+01
-3.858207829249496967e+01
-3.801300590740675744e+01
-3.826685317311824974e+01
-3.846734539739795622e+01
-3.871520791223748148e+01
-3.821576564132443110e+01
-3.802169348805238513e+01
-3.768946166335233983e+01
-3.748787339594016998e+01
-3.785763455961750878e+01
-3.837872554354210308e+01
-3.902273853366246215e+01
-3.971491314958371532e+01
-4.044209182680985748e+01
-4.118699143516979433e+01
-4.142108229908440364e+01
-4.125041062866983310e+01
-4.172065704829609700e+01
-4.197711758168830443e+01
-4.225994786407242998e+01
-4.241454016540748739e+01
-4.310575088794053755e+01
-4.355147968675522918e+01
-4.364120807802743229e+01
-4.362949426774785877e+01
-4.362520885347725397e+01
-4.371402963572732148e+01
-4.321433882205536037e+01
-4.316123642210472156e+01
-4.319185133334197246e+01
-4.332819139578720780e+01
-4.302130600146009698e+01
-4.314239094147450260e+01
-4.309496471012878516e+01
-4.320401985444928528e+01
-4.325946024683783264e+01
-4.364943100213639582e+01
-4.368464751534763479e+01
-4.391146515628288682e+01
-4.337916903670954838e+01
-4.333879460899420621e+01
-4.331768625687830365e+01
-4.349149356077222706e+01
-4.362437003353261389e+01
-4.373432757874866184e+01
-4.396854156786831425e+01
-4.376893991066527434e+01
-4.357881956755158370e+01
-4.372175102655146617e+01
-4.425206056328453030e+01
-4.390894007238420471e+01
-4.392806117378098918e+01
-4.387748546465637389e+01
-4.370063736561372991e+01
-4.370682314689377534e+01
-4.335931141815854772e+01
-4.375536599334891719e+01
-4.393861266008937605e+01
-4.372188793893130310e+01
-4.370814732358396526e+01
-4.360817842389200649e+01
-4.298833166385139748e+01
-4.366983317678644028e+01
-4.367622470343869168e+01
-4.345507391863986157e+01
-4.380350025526283275e+01
-4.403019820323929423e+01
-4.358896531568903754e+01
-4.287450921880252963e+01
-4.265883448159230085e+01
-4.283819728808358462e+01
-4.268899031434088442e+01
-4.236121615404542951e+01
-4.238665459973286431e+01
-4.248767319186661240e+01
-4.274140700854201214e+01
-4.236769571757490382e+01
-4.269379309221448437e+01
-4.255262803142260708e+01
-4.262059993215390108e+01
-4.285343033661431633e+01
-4.231776699559649302e+01
-4.306041456492286557e+01
-4.290029656838809302e+01
-4.260129198142421814e+01
-4.222991636820984240e+01
-4.213769131593649320e+01
-4.227592533348970960e+01
-4.298549909865768370e+01
-4.265336175365901283e+01
-4.208216431149523373e+01
-4.199685703257626557e+01
-4.209721595601931199e+01
-4.239987080371326300e+01
-4.211506508354626988e+01
-4.176263158803921272e+01
-4.143842131385238758e+01
-4.037851769996984075e+01
-4.007559296957722950e+01
-3.914813997905967113e+01
-3.850364657289928516e+01
-3.849492463173364598e+01
-3.865500436412834517e+01
-3.874070792101107941e+01
-3.860929251999467482e+01
-3.876139855385503097e+01
-3.868746317589975803e+01
