-2.976323805491558687e+02
-3.939644492297816214e+02
-1.103787479613206699e+02
-4.952324452044289842e+02
-5.409342943562553501e+02
-2.928824659988169969e+02
-5.410693380563920130e+01
4.701958957340954726e+01
-1.843978026211283350e+02
-2.806759742822666794e+02
-1.572206005606678048e+02
-1.775143134360952786e+02
-2.262999502501908182e+02
-1.903000192967845123e+02
1.413882577349793337e+02
-2.493920929910732696e+02
-5.317613211563696041e+00
-2.265955935524943641e+02
-1.633568461796372731e+02
-1.676531508818062832e+02
-1.457418699172054062e+02
-2.665393992903039475e+02
-6.679720535301777318e+01
-3.183529659104440270e+02
-4.137353286939078316e+02
-1.487096565288043735e+02
-2.604512897807663876e+02
-1.338516517727264556e+02
-1.128629022479313022e+02
-3.754029207812953928e+02
-3.050302210348288554e+02
-3.356785349431366967e+02
-1.979377846278177344e+02
-2.196903307587579093e+02
-2.284870072349741292e+02
-2.674009951814680335e+02
-2.298024874549866183e+02
-1.882257582272421530e+02
-2.224328892624838545e+02
-1.144464691043430520e+02
-1.620573731274029967e+02
-9.358506671381195474e+01
-1.348730599159677581e+02
-2.216754111802955265e+02
-1.948251442910228945e+02
-1.815093579946791920e+02
-1.025644595437930491e+02
-6.824510655892244415e+01
-6.073268570226446172e+01
-1.114916377220861960e+02
-1.480934997261645094e+02
-1.346599479890653015e+02
-1.087306922361780295e+02
-9.036400358189803228e+01
-1.006502030063803232e+02
-5.781432955311695565e+01
-8.708340366674892152e+01
-7.594281715010993139e+01
-1.423392698251469994e+02
-7.579561104977715047e+01
-8.556712466632572500e+01
-1.455676558103998275e+02
-6.764630535850410809e+01
-1.175295587858727515e+02
-1.128740340012563763e+02
-8.963995951453921407e+01
-1.280376100648575459e+02
-1.076453903661412994e+02
-1.388425188208861698e+02
-1.034673678503587269e+02
-1.001417676874566922e+02
-1.132220219499500189e+02
-1.211258309319886024e+02
-1.697290874467937556e+02
-1.468564726225130244e+02
-1.334837570915171057e+02
-1.166632509752660241e+02
-1.076469853156142733e+02
-9.211021269129885525e+01
-7.140047036252163082e+01
-9.184583475444918577e+01
-8.261779934386746049e+01
-7.253427150820883185e+01
-1.302681430110299630e+02
-1.300777269755604095e+02
-9.787343462541093686e+01
-1.174961997893409773e+02
-6.309230763664709229e+01
-1.754219936592268709e+02
-7.643960885438426089e+01
-1.420171832750098986e+02
-9.154784617561156779e+01
-8.532011604174444130e+01
-6.950692468551899594e+01
-6.394545984521619175e+01
-1.329843067969957247e+02
-9.700935528244035311e+01
-1.409497075740949299e+02
-1.252355040097690022e+02
-7.174276684454214603e+01
-4.636586922108715925e+01
-1.088675701244939376e+02
-2.967524162805361598e+01
-1.382051752421677406e+02
-1.050934574168407067e+02
-9.952995118535763197e+01
-1.014543579902476722e+02
-1.901538403568420108e+02
-6.058025036128385921e+01
-1.102260448934787860e+02
-1.465681277837329333e+02
-1.379299076027149340e+02
-1.321682617888900211e+02
-1.089218302627549519e+02
-6.829930186748697452e+01
-1.031816382313980682e+02
-1.059250583801839554e+02
-8.410391944410017118e+01
-1.024658927369192014e+02
-7.773095169648766500e+01
-1.521740490050788424e+02
-7.516908523983846635e+01
-4.027945758866574266e+01
-6.966485678125424386e+01
-2.041040365780145649e+01
-6.686586142019817203e+01
-7.866716903255041871e+01
-8.029600846037232031e+01
-1.109789501318477107e+02
-8.702285550097164446e+01
-1.290737922667109103e+02
-4.429974348784694627e+01
-9.602058591426873591e+01
-8.655108113670326020e+01
-3.920684910433343617e+01
-5.406062333061598224e+01
-7.755742871506953406e+01
-6.876844118612147838e+01
-4.828736024513173675e+01
-1.002323842856159928e+02
-8.611777507505146900e+01
-1.094684323034975790e+02
-8.804310609200665283e+01
-1.194620009009740045e+02
-4.105506801112838389e+01
-8.445669300466529705e+01
-3.478717551514330353e+01
-1.008918131345641740e+02
-6.545231416458700835e+01
-5.926028106209238899e+01
-7.966231881891616240e+01
-3.861102155106100753e+01
-8.623583865623349709e+01
-5.675717566748544840e+01
-1.278156413766660364e+02
-1.052579037474499586e+02
-8.282890783646517718e+01
-1.152037474224212730e+02
-1.012104025329686294e+02
-6.731718583293714175e+01
-7.761549966374134613e+01
-4.464101162309639648e+01
-8.780042281189173536e+01
-4.433432515425705844e+01
-9.789821416193581172e+01
-9.119074398626759148e+01
-2.088912762579384719e+01
-9.615813230287201918e+01
-9.193151338026135022e+01
-1.060000811571960639e+02
-8.750624899470180651e+01
-8.731870886967625722e+01
-1.204402778939417971e+02
-8.275706499596267918e+01
-1.145912880836838923e+02
-1.111796454210385576e+02
-1.218688376709826429e+02
-7.072793231246851064e+01
-9.147999256934282641e+01
-1.135758268325667757e+02
-7.084492981239773712e+01
-9.589460124828180199e+01
-8.386259993867133744e+01
-8.199998237782247656e+01
-1.107298522316426244e+02
-1.044955137679461075e+02
-9.502061721327090993e+01
-1.002894509637888802e+02
-9.356811602023331886e+01
-1.143965869381114544e+02
-9.511900217146973091e+01
-1.177350257279135946e+02
-8.448072252794086978e+01
-7.519630424252214596e+01
-5.082309707316992586e+01
-1.436101500426928794e+02
-5.104478260003602941e+01
-8.032660647266619947e+01
-4.943532672273097717e+01
-1.201917013672974122e+02
-9.285680687234956565e+01
-1.039902672289116339e+02
-5.466789395808820018e+01
-1.530913197278382256e+02
-1.000638844031733186e+02
-1.217146333517007974e+02
-8.089489815016297314e+01
-1.041891222567244881e+02
-7.759969875373194270e+01
-9.595572591282514452e+01
-1.275547807753455487e+02
-8.572125300665705083e+01
-1.125695843248866055e+02
-1.084468637770153947e+02
-9.116566986415519125e+01
-1.184466776772639491e+02
-6.997193482413852905e+01
-6.828376487690866270e+01
-1.768654986797446327e+02
-1.356086590118566448e+02
-4.530553551392542033e+01
-2.046997491644917204e+02
-6.980951264199211437e+01
-1.595623982174501805e+02
-7.430969007745946442e+01
-9.771247215166991396e+01
-1.966274065543179859e+02
-2.283198778433339626e+01
-7.383985483088754620e+01
-2.265137381569661201e+01
-2.030718130936393209e+02
-4.219288853693380759e+01
-1.432901529141464181e+01
-9.017885424344737544e+01
-8.448036467826567275e+01
-3.070819618840112497e+01
-1.980958625197495167e+02
-1.852941193292436424e+02
-9.672454812477522523e+01
-8.393681796955134189e+01
-7.311745999059479573e+01
-3.262636459090778374e+01
-6.116110234548631297e+01
-9.843222289434302752e+01
-7.537616192587229591e+01
-4.407060031412576961e+01
-6.812462636019127160e+01
-1.181504725227851651e+02
-1.067355093008829670e+02
-3.155182565332498967e+01
-1.992966638985896211e+01
-1.030081706229438652e+02
-1.005814317329746501e+02
-8.501331581715398045e+01
-6.389444640932070740e+01
-7.575622776936101843e+01
-8.137659175893048769e+01
-6.104887519094370418e+01
-6.894481123833170955e+01
-6.783294667367427166e+01
-5.727316648473123450e+01
-7.522356989449929188e+01
-7.105949562218866333e+01
-6.074286921393641592e+01
-1.015286588483019869e+02
-9.512258147204988745e+00
-6.619653560541392778e+01
-7.303916033296907528e+01
-9.326793378726600281e+01
-7.775599862632590487e+01
-5.606697266384760781e+01
-5.175304796543558439e+01
-6.065302296961512241e+01
-1.523321145122600306e+01
-9.700595155070470810e+01
-6.916688347713792950e+01
-4.164495143916625608e+01
-7.547927895593910819e+01
-8.823685370165964059e+01
-6.157692263491500029e+01
-4.417083322383753341e+01
-2.786058607196408232e+01
-2.914384129276487911e+01
-3.863432747559429892e+00
-9.768910007639404114e+01
-2.805454422275646920e+01
-7.965144359836457966e+01
-7.709044990350153626e+01
-1.267995927218416767e+02
-1.064146193561710021e+02
-5.997648939408539803e+01
-8.942615105188870928e+01
-2.215860180532581580e+01
-9.101970155532247020e+01
-6.249277939929286418e+01
-7.094052207114452813e+01
-6.371004118580576403e+01
-8.173853516564564359e+01
-1.068037908007846397e+02
-1.037312767597342855e+02
-1.154341848964266859e+02
-7.760457099523563329e+01
-8.367943489938140544e+01
-9.858408691561787407e+01
-4.500607759393281526e+01
-7.610010457533587669e+01
-1.319598495458629657e+02
-8.802669129362178069e+01
-7.896941578051196586e+01
-9.452868335958758195e+00
-5.748475836320936594e+01
-7.190406550307771738e+01
-5.947974273545239754e+01
-9.418659847145373476e+01
-4.871801667943410763e+01
-3.665211387215829575e+01
-8.924488292455016847e+01
-4.513972412834793602e+01
-7.677293989504407534e+01
-1.218076343844568754e+02
-1.051872703364226567e+02
-8.657065518659499048e+01
-8.166954183614974738e+01
-8.906405987899282195e+01
-4.799727478184995277e+01
-7.561635514855215945e+01
-8.988401126827390897e+01
-6.343246788461888741e+01
-5.891281599658647394e+01
-7.618098432974896639e+01
-5.974387543774491860e+01
-3.643446514238296174e+01
-5.861533108008321591e+01
-7.385705219013841827e+01
-8.757374316705066519e+01
-8.933818559319395547e+01
-8.950114387561258411e+01
-1.094064712577379623e+02
-5.909646526605116890e+01
-1.829271399376442275e+01
-5.638154597948388869e+01
-8.943877077277153376e+01
-5.623644373962594045e+01
-9.169042183170353155e+01
-8.771299160742157142e+01
-8.992156153744603841e+01
-2.585765317954236480e+02
-6.991981731338796635e+01
-6.047860560091096005e+01
-8.929337066994433414e+00
-1.031353923905346619e+02
-4.329793670412796303e+01
-5.845004661169419080e+01
-7.355411140676760340e+01
-3.644532535906645876e+01
-1.119166786195152099e+02
-1.090899302821782584e+02
-7.796167697612794711e+01
-1.100905311477277877e+02
-8.767234235980353674e+00
-8.764539211687218767e+01
-6.481614283838931101e+01
-1.436991453105364371e+02
-7.391240583239580531e+01
-1.020301714373423607e+02
-8.562323395280071736e+01
-9.429292717155651360e+01
-4.660557734397373508e+01
-3.513289056600302018e+01
-1.481218381437419964e+02
-2.239783570147305980e+01
8.672314124406467428e+00
-8.867886302573654689e+01
-6.870743513840254479e+01
-9.991127039643832575e+01
-1.365888832344570858e+02
-8.453016305755711812e+01
-6.420603920995972658e+01
-4.536674662971966399e+01
-7.307971642473468421e+01
-2.407391202327012820e+02
-7.511269688449569060e+01
-5.740122627840472802e+01
-3.094234765995891578e+01
-6.059753123033233635e+01
-1.501870362976824680e+01
-4.278803956733040081e+01
-8.918780703492471673e+01
-7.674029364226744576e+01
-1.289865117918324131e+02
-5.164922318955336777e+02
-1.158223939555266213e+02
-3.065774187534706030e+01
5.760814921770907482e+00
2.661979018433277844e+01
1.202321952341928011e+02
-2.813517642647509831e+01
2.224531032620655253e+02
-7.815972243503573225e+01
-5.992959447978891774e+01
-7.351712771857596351e+01
-1.015476454362653698e+02
-5.114071616656424624e+01
1.338719610798455619e+02
-6.394095848239091850e+01
1.775331783897909474e+02
2.000831532775887069e+02
1.488843052602059061e+02
-6.063133044309392972e+01
1.634048444673149163e+02
-1.971945025504152511e+02
-5.702035588619934288e+02
1.413648644874168951e+02
1.407495389168178690e+01
-5.578933094851760188e+01
1.062739111427474654e+02
-2.174604399434402424e+01
3.584520818993750169e+01
1.045405019869373007e+02
1.740342201421619279e+02
-8.557341138120355595e+01
1.345788178707476845e+02
-2.489962027965844982e+01
1.854187472182196075e+02
-7.165528094244100998e+01
-8.791202178236424913e+01
-4.612786304923599090e+01
-1.905585740782622111e+02
-6.240508824156427181e+01
-5.645871296659041150e+01
1.325113814392753397e+02
-6.656492372756565601e+01
1.034451305255570759e+02
1.288897055647984189e+02
-1.775504602823475579e+02
-3.764329715208752702e+01
-5.088213336278864318e+01
-2.609746791408112543e+01
-5.390100029979259233e+01
-1.395814547130884478e+02
-1.250498736888748397e+01
-3.425544848132347653e+01
-1.484513394720966062e+02
-2.547388141590716693e+00
-6.141925146711332673e+01
1.535581904319186037e+02
-2.297580700215610534e+02
-4.140291539631566309e+01
-5.591686394711051378e+01
-6.552285413325117247e+01
-3.255969149977686072e+01
-7.132037297302014167e+01
-1.948793270377000653e+01
6.450051935964529193e-02
-6.432503687085169020e+01
-1.359480859622299143e+01
-5.799144468257686924e+01
-3.787587983154493543e+01
-5.141838974121075978e+01
-1.045610366935982860e+01
-9.540820599760826415e-01
-6.351786899177540846e+01
-6.177666909548895546e+01
-3.885858421951763830e+01
-5.356700372596917958e+01
-3.536344678516254447e+01
-6.967952781937353279e+01
-5.650113855743766322e+01
-4.897278838221050279e+01
-1.059633312122282973e+02
-4.683079672322261189e+01
-1.345505312429596501e+01
-2.858635745905315773e+01
-3.361309319616057678e+01
-2.552504529068790617e+01
-2.876777906979055111e+00
-4.161592433269139946e+01
3.320365972309519975e+01
-2.903039426312849614e+01
-3.175248529916844120e+01
-3.221261763648991661e+01
-2.159041404481247639e+01
3.576521182623795880e+01
-3.040205495561750126e+01
1.600841747008354616e+02
3.414783372411417872e+01
1.932621797378365045e+02
-2.494222330664498699e+01
4.700273711216341965e+00
-6.784270177483142561e+01
-2.143853529537628866e+00
-2.430730149422185349e+01
-2.592866911568151522e+01
-1.185762469270497732e+01
-4.655632528027956596e+01
-6.290087722078824584e+01
-2.421514526631439423e+01
1.561900876224416663e+02
1.160102712174648509e+01
1.873882819965513704e+02
