-2.666882950419255280e+02
-3.321556283300519112e+02
-1.235213153822109291e+02
-5.641033032603237416e+02
-2.034010484763942088e+02
-1.134383938013880453e+02
-4.666746971272996234e+02
-2.849078179867359495e+02
-4.971802669271472723e+02
-1.400573974674579176e+02
-4.871805027602212022e+02
-4.048635449270747131e+02
-3.021090837149224058e+02
-4.083897443566875722e+02
-2.222629923097618985e+02
-2.832633409579381123e+02
-1.267417653130495694e+02
-1.622219834036030761e+02
-1.155084747004899839e+02
-1.611484581670201521e+02
-3.330872178698280095e+01
-2.361186255802885512e+02
-1.425531178506913648e+02
-9.304483607749764928e+01
5.746245988438062113e+00
-1.606228808082179853e+02
-1.526129429615834283e+02
-8.075617498373020453e+01
-6.451996820170022318e+01
-1.042940409368010393e+02
-4.277625973398870940e+01
-1.051696856573712608e+02
-9.393251861395738445e+01
-1.585992616033419154e+02
-1.101384877359283223e+02
-1.480116675751783362e+02
-1.003723719778067789e+02
1.944321185638288796e+01
-9.370313649681261836e+01
-1.244203264936694779e+02
-8.625785482097919044e+01
-1.984180099657201026e+02
-9.108954299516413755e+01
-1.234215165397765475e+02
-1.169320862564929939e+02
-1.141486644318340353e+02
-2.405553757931296559e+02
-1.116605644217430040e+02
-2.282351212442046631e+02
-1.631755287931891871e+02
-1.194786255769288346e+02
-1.182444006019261593e+02
-1.102357325335360372e+02
-2.305852105201082622e+02
-7.550297370319337631e+01
-6.546549102040339108e+01
-9.125432723526998302e+01
-2.170993958171749227e+02
-2.055165095879139585e+02
-5.871089326863503288e+01
-2.460473401510941471e+02
-1.544625352739504365e+01
-7.932936289069519376e+01
-1.046702592700783043e+02
-1.032179789034293123e+02
-1.654084094389531003e+02
-1.031484084717863681e+02
-7.701929273908480411e+01
-1.895271621888860807e+02
-1.925549884172928046e+02
-1.754779707615472262e+02
-1.576246124564763704e+02
-5.587418554189838460e+00
-9.790625688051072473e+01
-3.076315388432714713e+02
-1.204388756469818276e+02
-1.479050285376229112e+02
-6.584698625240319814e+01
-1.585386858204109615e+02
-5.788135049987046443e+01
-1.214049263586014433e+02
1.195158893520704169e+01
-7.201833688265465128e+01
5.571553434331005406e+01
-2.161741868814419831e+01
-3.346739612155082000e+01
1.648041572460544160e+02
1.121727001211612702e+02
-2.609299296587548156e+01
-2.989375627432647775e+01
-1.227015640775910867e+02
-1.649640279056513350e+02
-1.243464404264640848e+02
-9.639121211525355193e+01
1.137847545171342745e+01
-8.110874103703352489e+01
-8.485233714763718638e+01
-1.382466216474207670e+02
-1.707355248184732091e+02
-2.339830583435166034e+02
-7.155786769979903283e+01
-1.836186663553571634e+02
-2.432508458567735659e+02
-2.055846479109670781e+02
-1.475901475468846797e+02
-2.443132504367160038e+02
-2.010152675205361277e+02
-1.447101038088465259e+02
-2.254397768011237702e+02
-1.592150781779345152e+02
-1.715167471547987361e+02
-9.452680032155336676e+01
-2.089169892903954064e+02
-9.316751260584004513e+01
-2.153560037446233082e+02
-1.255040924612522844e+02
-7.704672885394663240e+01
-1.047427179555045029e+02
-1.179429985656120294e+02
-5.382279111416458761e+01
-1.205550726221355546e+02
-8.310418596467368957e+01
-4.616020906290741266e+01
-1.133327743300682897e+02
-1.140172210004130733e+02
-7.801184656217814961e+01
-8.591233547341934695e+01
-1.100457875574161761e+02
-1.074100260425803270e+02
-7.162187258556589597e+01
-7.919573235337050221e+01
-8.134734517221031069e+01
-7.485280369475812279e+01
-9.301173105731709256e+01
-8.262407463920966677e+01
-6.487737818141276591e+01
-7.221830292246362148e+01
-5.906569519394344780e+01
-3.782147347629879874e+01
-7.512567521408674054e+01
-5.095127883830429028e+01
-5.818551692258706964e+01
-7.219752138334008862e+01
-8.326500741129770233e+01
-3.739840768408455318e+01
-1.136134017496036250e+02
-9.717873637687837629e+01
-1.097601357108843700e+02
-1.292774141454617052e+02
-8.735078699996763874e+01
-1.331434629877493023e+02
-4.509697495323568717e+01
-3.991917460204823698e+01
-8.012688819162728748e+01
-1.793854409456949099e+02
-1.147647848406846691e+02
-8.135001923111322242e+01
-5.615003006916028738e+01
-1.925989899461024493e+02
-1.542123168174704517e+02
-8.124397708472403679e+01
-9.809523952797754021e+01
-1.644678725890039459e+02
-4.102524441940055766e+01
-1.277981510954568733e+02
-1.032659031623670245e+02
-1.726142181742323771e+02
-9.200168085076923319e+01
-2.604912430178020486e+02
-1.278228055734936959e+02
-1.999860001440552821e+02
-1.061797994891091719e+02
-1.205938261541792969e+02
-9.761223682101578447e+01
-6.819156721752536043e+01
-1.268955070396549587e+02
-1.267468711980787077e+02
-1.253916445045083172e+01
-4.977838388258579272e+01
-1.174206630654858543e+02
-1.363001923074208719e+02
-1.205050020177659178e+02
-2.126265778039161205e+02
-1.342148967171540903e+02
-1.840659352411582859e+02
-1.314675936639886231e+02
-6.206365218098116543e+01
-3.271988414981245086e+01
-1.307999481755287547e+02
-1.340581959223996193e+02
-1.026301919114749097e+02
-2.425629017305938007e+01
-1.716522755962330677e+02
-1.132123506492070817e+02
-1.271352591722361325e+02
-9.613172846752132727e+01
-1.423693496958076992e+02
-1.010542943849299746e+02
-6.096706129812026376e+01
-7.894986661029750508e+01
-1.206316148069036132e+02
-3.499556226818498317e+01
-8.834221622765181792e+01
-6.082098211834575352e+01
-1.192134662622357837e+02
-7.468735097796994182e+01
-1.187752138917903295e+02
-3.883453533235908139e+01
-1.471127373524887503e+02
-7.161745794667830012e+01
-6.035999075434678929e+01
-9.740132205647570629e+01
9.852545574303697151e-01
-1.371203296424297662e+02
-9.833096888221378151e+01
-1.373025510121277115e+01
-9.891923462390721511e+01
-6.590514140521159447e+01
-5.158208783049910551e+01
-1.173922792240482664e+02
-5.617348202588240724e+01
-8.440816816949754298e+01
-5.562761451173673777e+01
-1.093807854338610497e+02
-5.134044839797606130e+01
-4.396840901337224494e+01
-1.275269635803495163e+02
-8.014914045176337254e+01
8.460980574746526983e+00
-6.092471912511539500e+01
-3.321187138655246684e+01
-2.072352895261158068e+01
6.856643149781427304e+00
-7.026487399666034150e+01
-1.427727085254618977e+01
-1.002799441110325773e+01
-9.699877610283779461e+01
-1.554551719109015018e+01
-2.269171622613249539e+01
-6.172135433987115505e+01
-1.159392094527831141e+01
1.300839634667972611e+01
-1.376422983340720521e+02
-5.192990190125620842e+01
-1.852133593825054092e+01
-2.180058909379110688e+01
-3.793883135442894172e+01
-3.901091453724666280e+01
-2.306798570461172915e+01
-1.173315085860858886e+02
-1.351841863268417683e+02
9.259330383554985389e+00
5.305641498002167111e+00
-3.808533426430109614e+01
-3.970210047847070456e+01
2.291306767824537616e+01
-1.975063271460990677e+01
-5.291447633055293664e+01
-8.824592012438942845e+01
-3.735785082688061465e+01
-5.455348714926739717e+01
-5.933480217774219057e+01
-4.548923108840617147e+01
-6.905385200768176901e+01
-2.155426051645602286e+02
-2.023084408166235093e+01
-2.890770804136070637e+01
-1.026367972260934103e+01
-7.998954964471819551e+01
-1.402580303359162395e+00
-1.569479881011606039e+02
-2.550221028417748670e+01
-7.298513864713507715e+00
-5.734289590789462920e+01
-4.172739454443925666e+01
-4.759773515169957392e+01
-6.522932268365670438e+01
-5.021520136797757061e+01
-6.754427929511521711e+01
-2.977196800323701709e+01
-4.729935105681278884e+01
-1.286106044445542551e+01
-9.153607309968536754e+01
-1.449361361403302908e+02
-4.993692119316128242e+01
-6.645666989179187567e+01
-6.055941261637239137e+01
-7.091529595160271526e+01
-6.124616324639556098e+01
-6.812055612622486933e+01
-4.533487232295190950e+01
-7.892896944440710172e+01
-5.070013764461521788e+01
-7.168250743901840849e+01
-7.864501256097832993e+01
-8.492656450601709039e+00
-1.697680989426783071e+01
-1.479905164552045882e+01
-6.468964941746207842e+01
-4.250002794975845433e+01
-6.672187075311509830e+01
-6.858937018830411603e+01
-1.938348245065349928e+01
-4.471769132109177747e+01
-9.095890877122577933e+00
-1.512271554634605941e+01
-1.520092808269022200e+01
4.814526822616016943e+00
-3.944425641371864089e+01
-6.575424868645600895e+01
-4.892855462433813329e+01
-3.554822137799397552e+01
-2.963530374298098380e+01
-1.229352647160986756e+01
1.781703442500717571e+01
-4.529709243399506846e+01
-3.957664042180820019e+01
-1.578977809018408962e+01
-7.041726228617487493e+01
-2.327672279307053316e+01
-5.338009436981774058e+01
-1.168060418063414652e+01
-3.698066887654807289e+01
-4.200138427054472601e+01
-3.981916791220875496e+01
7.006948375488986080e-01
-4.142255711047710776e+01
-5.105512407631682237e+01
-5.337173717204640866e+01
-1.857314308970755778e+00
-6.304434711552853088e+01
-4.305814267112926075e+01
-6.250963233528535312e+01
-2.323862846691424267e+01
-5.254381697224511072e+01
-1.866872039540789530e+01
-3.606612530305924480e+01
-1.136180854039161048e+01
-3.349830139001489471e+01
-4.442536932849301223e+01
-4.154959163921844834e+01
-5.547920562117808174e+01
-1.159167632038587925e+01
-2.129078393709541217e+01
-8.254897333968575168e+00
-5.589650053284884734e+01
-3.893047046694621116e+01
-2.431390718330617062e+01
-5.301327131735790488e+01
-1.672228611379910035e+01
-3.967359700390331056e+01
-3.302576475795589062e+01
-3.655673696061988664e+01
-2.795761070951546756e+01
-7.685857994147438887e+01
1.796887682041098389e+00
-4.042240091306903338e+01
-6.540524083172880410e+01
-4.037489459571248318e+01
-4.490106953548150415e+01
-5.614629741841359589e+01
-5.603720796786712555e+01
-6.611706384491618849e+01
-5.926063855964687654e+00
-3.896952207566015858e+01
-3.846611500599779276e+01
-4.232647896663207376e+01
-4.110265238131351850e+01
-2.144985494055669051e+01
-9.320274626222182235e+01
-1.607976974555318250e+01
-4.657625961962985173e+01
-4.634648060368607503e+01
-2.878507130725866148e+01
-7.352252899958578780e+01
3.334287261079141196e+00
-4.340537980039793808e+01
-5.403073837198115825e+01
-3.163611604868033567e+01
-7.473363784462776493e+00
-2.462137329308624345e+01
-3.814345015303400288e+01
-5.535565978123627673e+01
-5.287338861202778162e+01
-2.831491057690177371e+01
-4.825408084727051516e+01
-3.804274369605333561e+01
-2.926785718250837931e+01
-8.872877255427546572e+01
-3.605611030706825915e+01
-8.423959921543415419e+01
-5.174287952315554406e+01
-8.578448017052480168e+01
-7.454744837259215728e+01
-2.173777405215718161e+01
-3.387738302175036864e+01
-3.702603232223923868e+01
-3.958530312947237917e+01
-1.474542232615663551e+01
-2.309281262255407441e+01
-3.349868828311078062e+01
-4.843054344708694003e+01
-5.635959881838725494e+01
-9.682678971355092301e+01
-7.349718988915809348e+01
-8.434017713847198650e+01
-8.791879580530462590e+01
-6.967543401337751163e+01
-6.285334280517922423e+01
-4.868708164499975055e+01
-9.595319658696500653e+01
-6.119427471721525080e+01
-5.791833198139284633e+01
-2.775275660511525544e+01
-5.130403782829839088e+01
-8.986997231546276055e+01
-4.854947954902841190e+01
-1.461839706222664859e+01
-6.998872085911354191e+01
-3.215880101807837832e+01
-3.411013002621882784e+00
-6.370364185570309701e+00
-4.004216000027387423e+01
-5.563539051506822375e+01
-9.130628479498669847e+00
-1.140779916389144688e+01
-3.667993397590567639e+01
-6.196063850836696929e+01
-5.891577641089908468e+01
-4.085438983882838215e+01
-6.656599843665151184e+01
-6.573990676465518845e+01
-9.280020377950263466e+00
-1.920118569537973841e+01
-5.043298176065611926e+01
-3.604945078479937592e+01
-4.935377257909851068e+01
-2.235756306199631993e+01
-5.691970030197893493e+01
-2.446520360819100048e+01
-2.253755732784883747e+01
-6.977235152116540462e+01
-6.462262999369211514e+01
1.302126515293773501e+01
-1.016700747364661694e+01
-5.083892962038820684e+01
-2.124566056268137615e+01
-2.493248531131203194e+01
-1.826209844383446779e+01
-5.632774363283735397e+01
-5.799826367794859294e+01
-1.135329264214836975e+01
-3.518267542588579033e+01
-1.796072074031928878e+01
-1.487390393741364036e+01
-6.635326361146292129e+01
-4.106155357829366892e+01
-4.329016235184639783e+01
-7.521752825801019071e+01
-6.757086433312743168e+01
-1.202300866338817187e+01
1.540840172078408976e+01
-4.454959012389396378e+01
-2.386234450509287441e+01
-2.404882470138995743e+01
-5.688698976452360334e+00
-4.487032353537602347e+01
-5.120451159468863978e+01
-4.682323660809641552e+01
-5.583161716551072118e+01
-4.868950720951168876e+01
-3.245975354044240646e+01
-5.314367067681517653e+01
-5.206811175329919195e+01
-1.995619489780329658e+01
-7.093046967155831339e+01
-2.739358014692086840e+01
-2.413027967559473907e+01
5.501445272757447214e+00
1.749141442872423013e+00
-3.844477504840790516e+01
-1.091008266698306670e+02
-2.214192528136967653e+01
4.246355604349464130e+00
-1.978418268500415067e+01
-5.828997319157623025e+01
-6.830822846544802474e+01
-7.872851658082984372e-01
-5.348542300356988477e+01
-3.635082888386320654e+00
2.175076217282054714e+01
-2.145040648389426252e+01
6.960818881231011446e+00
-1.009810775655363635e+01
-2.086557993559256019e+01
-4.988535626122078526e+01
-4.559638801051266199e+01
-2.644376302783211585e+01
-2.995602571219174237e+01
-1.569927482702661692e+01
