-3.691160330629192572e+02
-3.058455461343925776e+02
-3.489878042912794172e+02
-3.715566979068606202e+02
-3.406917108380469585e+02
-3.480207037587175023e+02
-3.167980471667119673e+02
-3.380031563442379365e+02
-3.222592993709714051e+02
-3.344787332886108970e+02
-3.181233260913708136e+02
-3.012356581019094506e+02
-2.896542530673213491e+02
-2.764622507827170352e+02
-2.663619370373948527e+02
-2.698844205947145838e+02
-2.637964248083738994e+02
-2.558738736886718073e+02
-2.495586669157299582e+02
-2.444265760849464186e+02
-2.366102912448921529e+02
-2.317195134938880301e+02
-2.259224757400916417e+02
-2.222205372720090111e+02
-2.189979870428920208e+02
-2.180090550266879177e+02
-2.147834583538362949e+02
-2.112930135832177712e+02
-2.078626214395218028e+02
-2.026790199519835767e+02
-2.064834463162731879e+02
-2.065981857935067865e+02
-2.037887753335772629e+02
-2.031348169550317095e+02
-2.019503754015715060e+02
-1.990716691004248560e+02
-1.977887098512159412e+02
-1.935776171761056048e+02
-1.918318413153099300e+02
-1.914150824424954749e+02
-1.899611253741044266e+02
-1.881447880347594435e+02
-1.873061427272793082e+02
-1.866916665644212117e+02
-1.846801649869013886e+02
-1.835209673934539865e+02
-1.820563960425097321e+02
-1.852952213818706468e+02
-1.842324996465326876e+02
-1.829665229963884769e+02
-1.813771709384218411e+02
-1.807142458858076566e+02
-1.786070085682779904e+02
-1.761916244998112973e+02
-1.739075884987225322e+02
-1.736006984905961303e+02
-1.724505140702057986e+02
-1.751954133788221100e+02
-1.755268510706052894e+02
-1.783648199234610559e+02
-1.789524513131221966e+02
-1.782785565696114816e+02
-1.779032743296077399e+02
-1.755248260267672435e+02
-1.748593764740816425e+02
-1.749068528561153926e+02
-1.735881025840423604e+02
-1.736213056751903423e+02
-1.734399317653470121e+02
-1.734689849162521114e+02
-1.738219445000835890e+02
-1.744335274705839538e+02
-1.753857894033718594e+02
-1.758903954364201923e+02
-1.752263612927603731e+02
-1.749877332349759058e+02
-1.757352559169875121e+02
-1.757786842465899895e+02
-1.753276959618133617e+02
-1.742540935828125725e+02
-1.750870344536299115e+02
-1.753988986164096104e+02
-1.763375203301677914e+02
-1.761097425367118774e+02
-1.761494696411914447e+02
-1.751382631968083956e+02
-1.752719872259378349e+02
-1.756394137757812359e+02
-1.766041706973800842e+02
-1.790015398263701059e+02
-1.797386606478956992e+02
-1.802963397642466248e+02
-1.793563672665834758e+02
-1.791798327367309582e+02
-1.775576299324189904e+02
-1.775348404075517408e+02
-1.766807803961666536e+02
-1.763105653313745051e+02
-1.778479101168740044e+02
-1.788722615445725808e+02
-1.780280861863043640e+02
-1.775066194532117265e+02
-1.745355788890182396e+02
-1.714999681614148699e+02
-1.703216745664957159e+02
-1.693800085672012870e+02
-1.702291398082235503e+02
-1.660703095799668176e+02
-1.657422230097945715e+02
-1.618317996866828992e+02
-1.612712773672168396e+02
-1.619153225481167908e+02
-1.621265042087855477e+02
-1.623539897045347118e+02
-1.628378810192991466e+02
-1.606735260119787938e+02
-1.603720036147391568e+02
-1.603329266994632007e+02
-1.594316198822515673e+02
-1.587781568224597208e+02
-1.595046834930460307e+02
-1.593107819361831616e+02
-1.605334032212656439e+02
-1.612113434265639569e+02
-1.622991679175275124e+02
-1.614730357969262400e+02
-1.615541865793335603e+02
-1.614756133292018490e+02
-1.621942774203976967e+02
-1.640823094935171014e+02
-1.616195721126903493e+02
-1.614464878541276391e+02
-1.612422990298965146e+02
-1.615308956747815614e+02
-1.610160388600276065e+02
-1.625042879170252661e+02
-1.620484935240234563e+02
-1.647792713251369037e+02
-1.648185169130671284e+02
-1.642485598751490272e+02
-1.643226610600574418e+02
-1.648198854204608779e+02
-1.644634573844060412e+02
-1.651543241994862115e+02
-1.653765327297047634e+02
-1.650571869452349745e+02
-1.654381282564078788e+02
-1.646522647799828576e+02
-1.641593416125735416e+02
-1.645929854342614647e+02
-1.647669473627119885e+02
-1.652291778751981894e+02
-1.653967966681979078e+02
-1.674425351440621625e+02
-1.682898319685818649e+02
-1.685017895565952983e+02
-1.699126368479078053e+02
-1.690496709029420970e+02
-1.695432617436262319e+02
-1.669648738605037295e+02
-1.659406639348661088e+02
-1.661527093191741073e+02
-1.665012845817596485e+02
-1.680350358559362860e+02
-1.684105643036595836e+02
-1.685961994898759713e+02
-1.694637955024379039e+02
-1.701489278942392787e+02
-1.702292694712298555e+02
-1.712416814794814570e+02
-1.717874281472516600e+02
-1.745226101826414720e+02
-1.730662513399420277e+02
-1.720885197375785367e+02
-1.736930527456662503e+02
-1.738933197197434595e+02
-1.735343766091767179e+02
-1.751382163974958814e+02
-1.768032500010649812e+02
-1.777688312974875089e+02
-1.773927001347835528e+02
-1.762548218231798103e+02
-1.765792906958994308e+02
-1.768011291231161408e+02
-1.768361034251786350e+02
-1.779217750885858891e+02
-1.780077113812114931e+02
-1.769393794639439932e+02
-1.759168855700784775e+02
-1.729876388838651735e+02
-1.725465984970103932e+02
-1.725950098384126932e+02
-1.730405099258394728e+02
-1.730775005366739094e+02
-1.733455375273460106e+02
-1.720462975887962216e+02
-1.718400518515805118e+02
-1.712020216125435468e+02
-1.687551411203816372e+02
-1.667341115800633986e+02
-1.649905834360982908e+02
-1.637728123457841036e+02
-1.635058481190388306e+02
-1.629348994415779828e+02
-1.625211677495001368e+02
-1.602699033130565169e+02
-1.592958903620445881e+02
-1.593926407905062774e+02
-1.590049786719378346e+02
-1.596547075052657476e+02
-1.600451004413167482e+02
-1.589807732777675540e+02
-1.586356918341188873e+02
-1.587902094609868016e+02
-1.582282395649396562e+02
-1.599461600080019252e+02
-1.603025644738842175e+02
-1.604347783351819885e+02
-1.610245141123116923e+02
-1.611702265349248648e+02
-1.603396405991339009e+02
-1.605244764915769053e+02
-1.593915242940751682e+02
-1.582525975341270339e+02
-1.574585870017141929e+02
-1.578253474322430066e+02
-1.576185758801995007e+02
-1.576127150308267915e+02
-1.572354623341353488e+02
-1.560273082890378191e+02
-1.571744189936835028e+02
-1.558382442577259326e+02
-1.553289445898102770e+02
-1.538288606905591678e+02
-1.539964286392075792e+02
-1.527693310933569535e+02
-1.535225699014195300e+02
-1.517367846929989810e+02
-1.512076176631911153e+02
-1.513864121285432134e+02
-1.511441193485870542e+02
-1.509824049989508694e+02
-1.525943334866351222e+02
-1.515978725062448405e+02
-1.516560152951640532e+02
-1.513446477197309150e+02
-1.507696162417803976e+02
-1.494260721381016310e+02
-1.511617140187193513e+02
-1.514898682818899829e+02
-1.515820714232286832e+02
-1.522929105306320992e+02
-1.541676729692020729e+02
-1.531315661799989414e+02
-1.530109280455078817e+02
-1.526587070636055898e+02
-1.514186568595493156e+02
-1.505601476917900357e+02
-1.497676663884531365e+02
-1.498476741048742724e+02
-1.501267472513575569e+02
-1.497416728911298947e+02
-1.489681148314110999e+02
-1.493033955583275940e+02
-1.487064302914025689e+02
-1.481716586062755994e+02
-1.473149358968280183e+02
-1.460874488920580632e+02
-1.473822471467640867e+02
-1.457830031821607690e+02
-1.442105920621830535e+02
-1.402679740808441124e+02
-1.417498547169932124e+02
-1.414808015635313438e+02
-1.394296404190733369e+02
-1.397154960952012459e+02
-1.386022711185833884e+02
-1.359992557890082310e+02
-1.341888962957101228e+02
-1.336927467200719093e+02
-1.328130044447394766e+02
-1.326959417896146078e+02
-1.310236567627536601e+02
-1.308999766021260882e+02
-1.303630247950921444e+02
-1.297093869897153411e+02
-1.284711374631258707e+02
-1.303257201211288816e+02
-1.296154175434537024e+02
-1.289428886389160027e+02
-1.284884754434407057e+02
-1.273895165388315718e+02
-1.283316193012308304e+02
-1.289102246853959741e+02
-1.292797517354757986e+02
-1.304378803940592775e+02
-1.307892335285367835e+02
-1.311329477383826543e+02
-1.312899322670422180e+02
-1.314494789733449522e+02
-1.316729210891659534e+02
-1.331604261300826693e+02
-1.337429281754108104e+02
-1.344153512541759881e+02
-1.345357025908563742e+02
-1.356088260438827717e+02
-1.366406074850632706e+02
-1.374889614152731383e+02
-1.366530231021171176e+02
-1.363102248178415152e+02
-1.349835059762168896e+02
-1.352195118449878635e+02
-1.347645765703263123e+02
-1.337635370834594255e+02
-1.332198719381173362e+02
-1.308496974607149923e+02
-1.297677365576910518e+02
-1.287103440650697053e+02
-1.278588707837811853e+02
-1.272197229057818504e+02
-1.275204200986739238e+02
-1.270602392629603372e+02
-1.267533197730073766e+02
-1.264143692806620862e+02
-1.253188415393972406e+02
-1.243761259436373763e+02
-1.235397819156270316e+02
-1.229584892508210174e+02
-1.217389536992336474e+02
-1.215261731305772486e+02
-1.205391299182503531e+02
-1.206754874353027986e+02
-1.209711960570132447e+02
-1.211782715575669727e+02
-1.206211090108936901e+02
-1.199289519692777617e+02
-1.187603511936457892e+02
-1.178764416980853440e+02
-1.174711769721019152e+02
-1.166967014024988885e+02
-1.166465532422943738e+02
-1.158414826373570889e+02
-1.141833812781003559e+02
-1.139807693981936438e+02
-1.138980409475324791e+02
-1.137088631338200742e+02
-1.135145767939597903e+02
-1.139017685751936853e+02
-1.121729421518156755e+02
-1.110968105731626423e+02
-1.104874494967358487e+02
-1.083450234739421489e+02
-1.065051704538623341e+02
-1.059473020443527247e+02
-1.059695142603757745e+02
-1.055136895083684863e+02
-1.052759835467482361e+02
-1.043634654971204156e+02
-1.038859952798718211e+02
-1.050941405066098184e+02
-1.057425678707181191e+02
-1.053835202454183531e+02
-1.055561769197346109e+02
-1.044656957675113631e+02
-1.036484939737160857e+02
-1.031058075402688132e+02
-1.029524064971700881e+02
-1.030107137700882447e+02
-1.013236994955865669e+02
-1.010834068612337120e+02
-1.010740817029350040e+02
-1.012554104957277872e+02
-1.003448668587052879e+02
-1.002277971179863982e+02
-1.004799186806560272e+02
-9.903254519681429713e+01
-9.873970320496835029e+01
-9.931681288145223618e+01
-9.871242503460371154e+01
-9.782435777191338389e+01
-9.700104867641260853e+01
-9.690944402169036209e+01
-9.621753721181841001e+01
-9.489835451751729067e+01
-9.557826407500901666e+01
-9.514275973770958217e+01
-9.614884018180147507e+01
-9.394528601546761593e+01
-9.335582601563108085e+01
-9.411231269126284360e+01
-9.338252645205886893e+01
-9.281920107649213492e+01
-9.126395314209494813e+01
-9.039643918890620000e+01
-9.019426959578044034e+01
-9.063454393760846983e+01
-9.053233516300699080e+01
-8.952833545578994290e+01
-8.902637127147286833e+01
-8.892198156524617048e+01
-8.878516419133843840e+01
-8.725129192507861831e+01
-8.576687850871356034e+01
-8.519267044354992890e+01
-8.592255171826614912e+01
-8.527435960149850303e+01
-8.370192902445302252e+01
-8.249959352128405499e+01
-8.314142155970061765e+01
-8.325783585526423280e+01
-8.396792327387839805e+01
-8.365051627478852936e+01
-8.343307701150426681e+01
-8.334611772206898195e+01
-8.316209980997909668e+01
-8.365165800792158279e+01
-8.419609688715424056e+01
-8.431298139985008788e+01
-8.507562847838602238e+01
-8.482774395392289080e+01
-8.724517746769139137e+01
-8.732834760501607718e+01
-8.911899432845557101e+01
-8.981122276014440331e+01
-9.202663628583982813e+01
-9.216254716219700072e+01
-9.465690232828409023e+01
-9.580331158251564716e+01
-9.618791685532731606e+01
-9.646307608573866332e+01
-9.609973550050581537e+01
-9.733018428717001314e+01
-9.704489258109002492e+01
-9.671000224764091513e+01
-9.734227862903105688e+01
-9.729474069003209991e+01
-9.787193346431735108e+01
-9.844681773150642812e+01
-9.987330895044635781e+01
-1.016310329045246306e+02
-1.014829597382222204e+02
-1.015373369830765711e+02
-1.013300213164948786e+02
-1.022080944103538798e+02
-1.034239783125846088e+02
-1.043185758340240170e+02
-1.042156285133168296e+02
-1.039738865344343566e+02
-1.061413115200847415e+02
-1.053094657442497919e+02
-1.056880549863257812e+02
-1.061784368625567367e+02
-1.064090677982423898e+02
-1.067447480450295387e+02
-1.066992661330812950e+02
-1.061489633360452558e+02
-1.059594601105145557e+02
-1.059464193220991177e+02
-1.060995224470129159e+02
-1.052771114091043216e+02
-1.040375291790931840e+02
-1.036723674059632003e+02
-1.043930224595956844e+02
-1.041742601086805422e+02
-1.047385944460311862e+02
-1.051562881306162467e+02
-1.060408458768510656e+02
-1.059645139537799992e+02
-1.058721166418075086e+02
-1.058892362950380459e+02
-1.059060762379267118e+02
-1.059856842018870680e+02
-1.065021061602771226e+02
-1.069939545361433062e+02
-1.063875974738985661e+02
-1.057674134729489026e+02
-1.060854364925125850e+02
-1.055150266869573557e+02
-1.048656286353233327e+02
-1.063204766286761753e+02
-1.069317171897295538e+02
-1.074959053840239704e+02
-1.082788407074631181e+02
-1.084169385515976103e+02
-1.067643968602461229e+02
-1.065352335913429442e+02
-1.055602324205709550e+02
-1.055592919314528615e+02
-1.056906003892201795e+02
-1.049370189613856184e+02
-1.045940651099856069e+02
-1.044590965143763839e+02
-1.041539574618225572e+02
-1.037669824520114474e+02
-1.037390516560931957e+02
-1.031843885787297950e+02
-1.030765223233016030e+02
-1.035354797104867544e+02
-1.045668377996149871e+02
-1.039771765439743518e+02
