-2.309900767698293009e+02
-2.958373957472387588e+02
-2.993275154571963981e+02
-2.403503084045985361e+02
-2.014931837625577771e+02
-1.749623427304441066e+02
-1.751348572327070201e+02
-1.649969132654871089e+02
-1.531737856546238277e+02
-1.184165034372413174e+02
-8.946966034571379112e+01
-6.076451471804048055e+01
-5.741515811549277259e+01
-4.186442289790534943e+01
-2.945290068463846112e+01
-2.758126532816220688e+01
-2.630448168354108063e+01
-1.077014058242791350e+01
4.494029904146722987e-01
-3.954491031360035658e-01
8.742885714920447526e+00
6.229049088843458676e-02
-3.143985350140191759e+00
-6.286989303522754646e+00
2.034754646138615009e+00
-3.948287500080447376e+00
-1.299720472777031333e+01
-6.687673012555736207e+00
-1.418802281169751645e+01
-1.177366254704711501e+01
-5.585364627730198706e+00
2.766236437676992566e+00
6.734666523256790605e+00
4.901766772380977244e+00
1.170120424481748955e+01
1.692302929804885991e+01
1.160266329717085121e+01
1.730080947186402796e+01
2.205574440793882118e+01
2.041143183687279361e+01
2.517276813010084879e+01
2.958040817267316669e+01
3.252867757811693394e+01
3.672130123603376006e+01
4.038496495266281983e+01
4.454520703955783745e+01
4.854515853903208722e+01
5.214178948472081032e+01
5.505525372788241611e+01
5.810327756170138969e+01
6.185259807008103650e+01
6.609581605778474511e+01
6.767135919195577287e+01
7.061081450314560470e+01
7.327272348354267706e+01
6.800457747768774652e+01
7.005273860218227355e+01
7.192511675866923326e+01
7.358969470768403198e+01
7.593267660554134579e+01
7.890548973583437942e+01
8.139071012724180321e+01
7.609317906671682863e+01
7.839133150457932686e+01
8.087615490585793054e+01
8.242118805244034263e+01
8.464099862544371433e+01
8.702060457290133400e+01
8.914759476261387761e+01
9.150204919067870435e+01
9.375382398276042295e+01
9.553964846681084566e+01
9.762793089113833389e+01
9.938231547989271064e+01
1.009845060308054627e+02
1.001559460904389880e+02
9.560810448588044608e+01
9.717353886877492641e+01
9.949163637013722905e+01
1.010962005736768106e+02
1.033261035180423875e+02
1.048868978781382850e+02
1.069600496746450489e+02
1.053472459198081310e+02
1.018901217799651278e+02
1.034849979004360421e+02
1.050982361966211727e+02
1.039839300964088267e+02
1.057248746314775332e+02
1.024050569638108215e+02
1.041144094320364246e+02
1.059998823267606980e+02
1.074768756409703769e+02
1.085955680765073339e+02
1.070199268709641132e+02
1.081070254200644172e+02
1.098532475552263179e+02
1.109824019900272560e+02
1.096552376627605980e+02
1.108921973572079338e+02
1.149955145412335185e+02
1.209773206977289988e+02
1.211301436631631674e+02
1.244910603839249461e+02
1.265533145817355631e+02
1.260632698464219743e+02
1.302461163144845955e+02
1.303417494216168677e+02
1.332352111191857489e+02
1.328619097567723770e+02
1.330654353805418566e+02
1.329428013919759337e+02
1.358478021596023382e+02
1.365666673634985102e+02
1.349730383555830997e+02
1.372631236470028284e+02
1.376854645391828171e+02
1.372718449108231766e+02
1.352384397956798523e+02
1.375449097088825567e+02
1.381956209368944997e+02
1.418091913453995119e+02
1.449611637434654483e+02
1.483242420666560690e+02
1.484350864857171928e+02
1.523492894261931099e+02
1.567241311361949556e+02
1.576045953620247246e+02
1.624414846665142136e+02
1.640340856188636849e+02
1.644978109579380430e+02
1.642332838767373460e+02
1.656693248775202960e+02
1.688200324392499567e+02
1.687409787610815783e+02
1.693590572901607345e+02
1.735733447195130452e+02
1.737469813218447996e+02
1.740694348030733920e+02
1.771214117502434249e+02
1.772155685054359253e+02
1.776184189698861928e+02
1.784877116530312833e+02
1.784944140143238940e+02
1.787248685914372857e+02
1.790805920507879136e+02
1.783560674251192495e+02
1.789000748886258236e+02
1.793140653534406397e+02
1.796455019468621970e+02
1.797727635774058967e+02
1.794258619098220606e+02
1.807263269662790037e+02
1.812399455643322597e+02
1.815328060739515763e+02
1.862444705707347339e+02
1.867517431665863228e+02
1.876561934873599284e+02
1.887831371901211526e+02
1.891902006977328483e+02
1.890124145503008322e+02
1.894984583213613121e+02
1.946667143684088330e+02
1.950842294484708077e+02
1.955560862231973545e+02
1.963489268626682644e+02
1.965146330978967626e+02
1.963167753771493835e+02
1.967358941548164637e+02
1.965828369014874397e+02
1.963380009764621263e+02
1.967024837345178128e+02
1.967267713344599542e+02
1.970724731135182139e+02
1.972721192953009108e+02
1.991213003210786212e+02
2.043069064312790886e+02
2.042406537519752874e+02
2.040273443610423101e+02
2.044077194507916602e+02
2.009686079038511934e+02
2.013298278923347198e+02
2.010543538762762239e+02
2.040947360960815899e+02
2.084966673724729844e+02
2.088528743133134071e+02
2.089184494063973148e+02
2.114216884467834348e+02
2.115499532730338217e+02
2.157125781556217134e+02
2.155384518894592816e+02
2.151890849610769010e+02
2.154039532233899479e+02
2.158734161916621588e+02
2.190962848931503402e+02
2.196764993533708434e+02
2.193899333600229511e+02
2.197518421737221672e+02
2.226750755449511132e+02
2.226393330361714220e+02
2.236903424706233636e+02
2.239045556444827128e+02
2.282371375276321714e+02
2.278747999971917011e+02
2.287318747322686932e+02
2.320506886747686508e+02
2.316044736745027706e+02
2.350005057511119162e+02
2.353333343633140942e+02
2.366691977283231836e+02
2.350747201276056444e+02
2.347729427364936043e+02
2.344320705991996192e+02
2.344905492895900636e+02
2.370870327258391228e+02
2.375526970709983061e+02
2.396853180768169409e+02
2.397611999002278367e+02
2.420800056998111813e+02
2.420061210497448769e+02
2.419497689385082424e+02
2.427395686728730198e+02
2.428154244403439179e+02
2.427925359381936516e+02
2.431155126566789875e+02
2.428622000647525851e+02
2.435407417396073981e+02
2.436019663747081836e+02
2.434789539878476319e+02
2.438501173161365898e+02
2.439550901085501096e+02
2.440689370446356179e+02
2.435241101496258125e+02
2.432880176502243614e+02
2.428678065949760310e+02
2.380963551182705942e+02
2.381012272757279788e+02
2.382630627477280711e+02
2.385097925676664090e+02
2.337684665834497650e+02
2.336123669361959116e+02
2.335124009756027306e+02
2.335513474606363786e+02
2.340309425244144563e+02
2.343227307178494812e+02
2.338502650023567071e+02
2.337614545576107048e+02
2.335985569616553335e+02
2.334723254098957455e+02
2.337039554036016398e+02
2.329097732805393264e+02
2.331765268206019357e+02
2.329708197097730817e+02
2.325681828720115618e+02
2.328448907760568147e+02
2.322593201351005803e+02
2.326713765581665712e+02
2.323586991859570787e+02
2.321513660773431127e+02
2.321898427345102789e+02
2.294779884415933964e+02
2.291570375859555782e+02
2.288797857746303919e+02
2.287213504681996596e+02
2.280984397688278591e+02
2.280662267207599143e+02
2.280840747040075485e+02
2.279937485156402204e+02
2.271044696716179772e+02
2.243892653644434461e+02
2.245753660151725910e+02
2.245354860403195971e+02
2.247154408788697708e+02
2.244541758490071288e+02
2.244846688787187077e+02
2.251686677510640209e+02
2.252958647196182653e+02
2.257198194208796167e+02
2.257761410490645062e+02
2.257570996229519267e+02
2.280983306264273551e+02
2.278039879483935124e+02
2.279946863972708400e+02
2.276303848742234948e+02
2.275458586049498706e+02
2.272749490383786508e+02
2.270622255428987444e+02
2.269047840164106731e+02
2.267916260330455316e+02
2.269838028618659962e+02
2.267001614947932353e+02
2.267448576182785587e+02
2.266745791457229018e+02
2.269732704072774254e+02
2.266034863888689586e+02
2.262261698640686234e+02
2.261081681744315688e+02
2.257213293957197777e+02
2.256003288694213893e+02
2.254818322492619984e+02
2.255514049296809844e+02
2.238465640717479914e+02
2.246517314800626650e+02
2.245276899807698783e+02
2.248151611585704472e+02
2.247301894333325549e+02
2.257264938874333211e+02
2.255650412280629382e+02
2.255023327950316059e+02
2.248292742949269041e+02
2.222656431496428127e+02
2.225497149412251758e+02
2.223770203726963643e+02
2.223655323690825014e+02
2.209026263999101047e+02
2.205096465403068180e+02
2.205905527094944887e+02
2.210333463891853967e+02
2.212129331294476913e+02
2.212411171150008613e+02
2.213670316601589718e+02
2.212420180524835871e+02
2.216441185379165120e+02
2.216341417997288943e+02
2.219415777329342063e+02
2.226552958945587193e+02
2.224264788104467812e+02
2.219896440562461066e+02
2.215738533254824176e+02
2.212910999572674768e+02
2.214553707299799896e+02
2.211872026384133676e+02
2.217525516316983953e+02
2.218657085159769622e+02
2.227803778427709744e+02
2.274655693185818848e+02
2.275260008049632461e+02
2.273601705530551840e+02
2.271777857755645584e+02
2.321677321978201007e+02
2.329628771654725767e+02
2.331592368515355247e+02
2.333423145730899364e+02
2.333981220420993452e+02
2.333656247796439231e+02
2.335298591701910027e+02
2.346102294037876845e+02
2.344991247841021220e+02
2.346650338685285533e+02
2.349266930359636660e+02
2.354841068082922106e+02
2.356632971546756323e+02
2.352022730794319898e+02
2.350119877807903777e+02
2.348489172287014242e+02
2.355054985641383212e+02
2.351408834398382055e+02
2.353031991394815918e+02
2.354727358017901508e+02
2.351767736297245506e+02
2.380997074896492904e+02
2.382572964842383101e+02
2.336561514056750752e+02
2.339292084075478897e+02
2.342177897392500086e+02
2.343660647000307051e+02
2.340659883535925871e+02
2.344185992433467334e+02
2.354147941419678318e+02
2.381563153850283641e+02
2.382247115958632264e+02
2.384374696245939731e+02
2.386108043260229863e+02
2.387009879905283753e+02
2.387192803005745247e+02
2.386514292900460816e+02
2.386918310086067834e+02
2.385462855686952821e+02
2.384662529090320788e+02
2.384465387529298823e+02
2.393701416846040217e+02
2.395070118435535846e+02
2.390956159783066255e+02
2.388768218303135598e+02
2.390971436921215343e+02
2.393086949790113351e+02
2.397059062092357919e+02
2.399524477653845622e+02
2.397976167993950014e+02
2.400869275007241868e+02
2.405961283661164316e+02
2.406315531684959694e+02
2.409684234132371046e+02
2.402544999105974739e+02
2.383557375989547609e+02
2.384163942712021083e+02
2.387799124018559382e+02
2.386424946792898538e+02
2.385464246412085458e+02
2.390068283709730395e+02
2.382099202775741560e+02
2.399157918254966262e+02
2.402643508204750447e+02
2.411348972120639758e+02
2.408352595953755042e+02
2.411216047729282081e+02
2.404405519135017641e+02
2.404863492791772899e+02
2.404458065077880065e+02
2.410023516706367559e+02
2.453735909469648675e+02
2.453721125158893983e+02
2.460782508019262877e+02
2.466139011254402362e+02
2.483903144813672839e+02
2.488865519562282884e+02
2.492288607429750016e+02
2.460110133660418796e+02
2.461813481017202037e+02
2.467584150309812685e+02
2.464728723646657329e+02
2.465968912034140601e+02
2.464908778653627905e+02
2.465210005390638912e+02
2.463572027941167448e+02
2.464223170589877441e+02
2.462705171939024638e+02
2.465503220092253116e+02
2.446654529282565989e+02
2.447464994837378924e+02
2.447338101504583392e+02
2.451132055506804761e+02
2.449749340855679520e+02
2.448883951509636745e+02
2.445092661730178918e+02
2.443723826660385043e+02
2.444625898280598619e+02
2.446428469774039627e+02
2.448030932038818435e+02
2.446905260217238549e+02
2.449029766319831083e+02
2.426410682629228575e+02
2.423884714260847204e+02
2.411410192540189712e+02
2.405857523904089703e+02
2.406581320812305478e+02
2.407193088632067486e+02
2.405880910420365524e+02
2.408106221956636261e+02
2.407933758898733174e+02
2.410888986049076266e+02
2.410428594927314805e+02
2.412761224726909575e+02
2.415782000290471387e+02
2.408960851515935531e+02
2.406785258804704029e+02
2.412957069931500200e+02
2.409062428452308211e+02
2.410190941801366762e+02
2.415131051416922787e+02
2.410865719231000810e+02
2.412481241420633182e+02
2.458769308240858891e+02
2.455689495369957172e+02
2.455404670262313402e+02
2.454188264703623190e+02
2.460207414461141582e+02
2.458179583174401444e+02
2.431955359420127252e+02
2.434269628109410064e+02
2.436882685569672446e+02
2.435647723367383151e+02
2.432227285890800772e+02
2.414108040420654220e+02
2.408140805691968183e+02
2.385862557150956889e+02
2.386201926941077431e+02
2.352842344666598251e+02
2.354510165188677604e+02
2.352141727803150673e+02
2.326182589086931785e+02
2.327186863806674921e+02
2.326165980047599930e+02
2.328266359191501635e+02
2.302184709878057163e+02
2.304099289559939621e+02
2.300792276414131265e+02
2.296643202823995296e+02
2.300971211204907831e+02
2.303479648191205342e+02
2.307527254558901291e+02
2.306728813645242440e+02
2.305638701797015528e+02
2.282454124557908415e+02
2.306044736555770669e+02
2.281382928735233975e+02
2.255401021721697532e+02
2.230380859818303350e+02
2.196450818957842444e+02
2.162727357559927270e+02
