-1.528707956990407126e+02
-3.176101412965783197e+02
-3.674410141583272775e+02
-3.137783879066629993e+02
-3.580831265898441416e+02
-3.679245400549370970e+02
-3.686133690545962622e+02
-3.469992751740725225e+02
-3.433244042033732626e+02
-3.331945933881805217e+02
-3.231569504015570260e+02
-3.219079379852792613e+02
-3.280304161078281027e+02
-3.200663427760996456e+02
-3.093729134730549504e+02
-3.031742970767920724e+02
-2.951111458063907662e+02
-2.910203503251859161e+02
-2.939111110213013376e+02
-2.882671191811742801e+02
-2.855660264302575797e+02
-2.812176666836144818e+02
-2.758952082321476382e+02
-2.781430669363296033e+02
-2.706216909182135169e+02
-2.729963040133671939e+02
-2.648383240999153827e+02
-2.599125293367546874e+02
-2.590470112390641475e+02
-2.499536403459602525e+02
-2.457801874612958386e+02
-2.420428126261973603e+02
-2.372214039161438848e+02
-2.320861540739781788e+02
-2.281445066517752593e+02
-2.230450658304462763e+02
-2.188968040249156672e+02
-2.150948649447201149e+02
-2.121814708509669458e+02
-2.100157161550351645e+02
-2.063331917579506865e+02
-2.029124705416904533e+02
-2.039818555840720649e+02
-2.019137846481131646e+02
-1.976971660967022615e+02
-1.968230436095202549e+02
-1.956305862075804214e+02
-1.925098878148173753e+02
-1.896196741092084324e+02
-1.883101593560721483e+02
-1.863342432124807715e+02
-1.838607229082141998e+02
-1.820433902558391139e+02
-1.801229957079327733e+02
-1.784882255263474349e+02
-1.807011532054187342e+02
-1.793094342060517477e+02
-1.773440237922552853e+02
-1.747725014157882981e+02
-1.725982692135306706e+02
-1.712068534760340413e+02
-1.678219421390911350e+02
-1.655601582275115504e+02
-1.636705957665655546e+02
-1.629747815339538874e+02
-1.629960898126000757e+02
-1.658990381120252948e+02
-1.639555471061970309e+02
-1.631467747848955412e+02
-1.585489959541183964e+02
-1.561275892373754175e+02
-1.544845130327448999e+02
-1.527885784068368196e+02
-1.519340710631980187e+02
-1.510482649643884088e+02
-1.493254892736275110e+02
-1.487672382583809565e+02
-1.472891484082531406e+02
-1.463264750799838794e+02
-1.455992937026191498e+02
-1.448252648170304440e+02
-1.440961314962107451e+02
-1.453326859939100473e+02
-1.454957930744858743e+02
-1.448846403727268353e+02
-1.460534025289057070e+02
-1.454509365530040554e+02
-1.438511244841816961e+02
-1.426727892199332928e+02
-1.420713055004910359e+02
-1.407792935809609673e+02
-1.392072558608718396e+02
-1.388836296899418983e+02
-1.400247662353069416e+02
-1.412029170338053063e+02
-1.402400381948033043e+02
-1.393877990499444479e+02
-1.383635122296582551e+02
-1.376877907870454294e+02
-1.363490173152481759e+02
-1.348744388383480839e+02
-1.301075860833120714e+02
-1.254234873518299054e+02
-1.237824895798201368e+02
-1.209592448009781549e+02
-1.176913060269352371e+02
-1.155522914795347020e+02
-1.141299228122790339e+02
-1.111239642931172256e+02
-1.105573323105751342e+02
-1.085465823862473371e+02
-1.060443129712729871e+02
-1.025982526888697208e+02
-1.006689781020193664e+02
-9.951353915249688953e+01
-9.907447918899444517e+01
-9.838385167206983795e+01
-9.652634501011495161e+01
-9.346066680550354988e+01
-9.162336794451586286e+01
-8.990458970359830460e+01
-8.875255977254548156e+01
-8.766469187459058787e+01
-8.458465938642186188e+01
-8.381989139706718106e+01
-8.075828147414731006e+01
-8.045701247458472949e+01
-8.005245276839607982e+01
-7.870386382086604726e+01
-7.967297772031253089e+01
-7.887229404804875799e+01
-7.878886336315140682e+01
-7.904708387813766990e+01
-7.884927272122678232e+01
-7.997858416196156384e+01
-8.050208271973748708e+01
-8.112018346035938521e+01
-8.048118483761044217e+01
-7.922602439703364041e+01
-7.827268523798292676e+01
-7.904963287201302080e+01
-8.054120246783298853e+01
-7.975339172989937708e+01
-8.049023354873656899e+01
-8.134602995465617425e+01
-8.081294630503747101e+01
-7.984092348073528456e+01
-8.065851087335776981e+01
-8.124194105445080538e+01
-8.089765072119627121e+01
-8.069269536635509610e+01
-8.107292419477096246e+01
-8.087103378515033114e+01
-8.065427757434549960e+01
-8.003171930387269128e+01
-7.764012088120288979e+01
-8.218634973696993029e+01
-7.983344014675552103e+01
-7.779251317657909226e+01
-7.699665108614230746e+01
-7.446282415651994313e+01
-7.272130317629827800e+01
-7.079088627595793071e+01
-6.926876721235340995e+01
-6.800707885365585526e+01
-6.694559768321229853e+01
-6.411363840521831037e+01
-6.423087435788659150e+01
-6.110152622644061182e+01
-6.278841432426653313e+01
-6.325405233276532613e+01
-6.104154022553689884e+01
-5.852992937641360527e+01
-5.790900623770233580e+01
-5.838237510722373713e+01
-5.630950961210022854e+01
-5.514385145096193952e+01
-5.513565020310409892e+01
-5.393996532816444756e+01
-5.442106758342281125e+01
-5.390791941880090832e+01
-5.403681400546719260e+01
-4.915245990363847284e+01
-4.559534195099431741e+01
-4.547188449396850984e+01
-4.344992501535788421e+01
-4.067684663586232574e+01
-4.128781624981704823e+01
-3.854800762700879346e+01
-3.700850217882329929e+01
-3.691325876173297615e+01
-3.737458868464358375e+01
-3.686374269562183770e+01
-3.278836718539381678e+01
-2.908162508333781204e+01
-2.897650924370116954e+01
-2.799257699374342678e+01
-2.934395674832187240e+01
-2.640704347366694549e+01
-2.469989928557218661e+01
-2.260935601548646545e+01
-2.299605719943976823e+01
-2.048280173545655103e+01
-2.147031427132638726e+01
-2.140438951186801120e+01
-1.835736731467075344e+01
-1.442022146774731972e+01
-1.337521994143375359e+01
-1.299581514554779282e+01
-9.126813344495454672e+00
-9.349490233170929088e+00
-8.765198596001647857e+00
-5.645674685640890367e+00
-6.157258618131383088e+00
-3.997695907009361171e+00
-6.770328901153811474e-01
-1.292307693715690764e+00
1.596350725297917217e+00
3.633349626810127297e+00
3.596604241703185600e+00
5.475201455354159918e+00
8.220817327765642446e+00
9.512189795873242204e+00
9.466771836190169154e+00
8.330226480027393521e+00
1.022824625796269871e+01
1.300157838222330398e+01
1.281691521588332527e+01
1.648528170403815807e+01
1.944446810815457738e+01
2.160956719121092817e+01
2.517310318828320348e+01
2.651090609688356281e+01
2.913563994701795323e+01
3.125489180356469276e+01
3.161425416948414835e+01
3.164411973382771848e+01
3.369741302963304719e+01
3.483735991035428725e+01
3.499832640934848627e+01
3.834479803326247804e+01
3.995350769351132669e+01
4.104617383284900001e+01
4.517186808943657184e+01
4.856424979608655690e+01
4.941451233560682965e+01
5.182141330134685830e+01
5.543805031502623137e+01
5.715726969866425122e+01
5.717106353220319193e+01
5.977910010911753602e+01
6.215392850970203398e+01
6.572495087389654600e+01
6.828180715403814816e+01
7.078732817883080486e+01
7.325444518886172318e+01
8.107878547367656097e+01
8.187003867158801995e+01
8.230667910343765925e+01
8.350003962608947461e+01
8.364720393280020971e+01
8.329645597124181222e+01
8.424702643227588794e+01
8.535285687014373934e+01
8.536051139244014507e+01
8.846205399830257932e+01
8.957848911202830777e+01
9.244889093873609909e+01
9.316275728980617998e+01
9.560885817007701348e+01
9.825873245328627092e+01
9.866212170464412168e+01
9.824950522718383183e+01
1.011492216465679235e+02
9.938906057077139167e+01
9.770818259674786077e+01
9.944196382060539463e+01
1.015102364998787010e+02
1.027863074417927436e+02
1.057587943651725624e+02
1.081904152255961549e+02
1.118131226643342444e+02
1.073977192205421431e+02
1.044543325226915442e+02
1.075353158095593216e+02
1.103112120799362543e+02
1.111116389297711038e+02
1.137413595698288020e+02
1.137751901955189169e+02
1.153030591767244601e+02
1.181461128999061856e+02
1.206199280816628630e+02
1.174210570760022136e+02
1.185322954383541258e+02
1.183963128255618358e+02
1.213060698634329668e+02
1.234181930877799971e+02
1.267472329510637934e+02
1.271125399540961354e+02
1.273905922633634162e+02
1.276352940748653566e+02
1.302376675761571505e+02
1.304745289630292859e+02
1.335551598820099457e+02
1.368716801929924145e+02
1.330238642746327287e+02
1.285911732758816584e+02
1.301614980993330448e+02
1.326197291296057017e+02
1.334542064046195549e+02
1.362332251281455910e+02
1.385185108999583292e+02
1.387310718846944155e+02
1.415760079272407665e+02
1.418196684172575317e+02
1.419183922984708488e+02
1.456332453671566043e+02
1.458419805570802907e+02
1.458174977882360963e+02
1.479627476264747656e+02
1.496325445684551880e+02
1.501346586683244482e+02
1.517377666403976662e+02
1.544492302495793297e+02
1.560331238493974695e+02
1.567833782917200551e+02
1.556769222670136799e+02
1.580196599422697261e+02
1.578264967007320081e+02
1.569563231193037893e+02
1.553456324036934859e+02
1.524866545398862456e+02
1.545174346343005709e+02
1.547564752881573611e+02
1.571204532120424631e+02
1.603957492724902067e+02
1.642648770410345378e+02
1.652018648902624705e+02
1.662269143752232878e+02
1.690725313024836112e+02
1.692339580593664152e+02
1.722694228779138825e+02
1.755485776358095507e+02
1.759005799746311425e+02
1.762297958761457153e+02
1.791694997360971229e+02
1.797210810863862207e+02
1.795658766516868923e+02
1.819180141230570769e+02
1.853794804442327120e+02
1.861176718296837009e+02
1.873563618747142812e+02
1.867687024698795426e+02
1.838927941504626062e+02
1.841986801950896506e+02
1.844984723316796931e+02
1.847341358046048185e+02
1.843305801542307449e+02
1.849133901801471040e+02
1.821918007358025591e+02
1.817401807657767563e+02
1.800255455786586367e+02
1.798006305981558342e+02
1.803273617754628049e+02
1.800403819357174768e+02
1.794820005448592894e+02
1.816258165335288197e+02
1.769156718382670306e+02
1.761414508020294534e+02
1.763567690663072085e+02
1.745907288749295105e+02
1.751587117216191416e+02
1.757803002656983438e+02
1.735227589824086181e+02
1.796257787308611569e+02
1.800416697132689592e+02
1.786742049176854152e+02
1.792431908720179763e+02
1.802668740048916902e+02
1.815342248693848433e+02
1.818181650796664997e+02
1.815651856744072461e+02
1.858061273039072603e+02
1.895155030649220578e+02
1.896646392332802407e+02
1.875002414621063451e+02
1.875650551501420296e+02
1.883804096151336012e+02
1.884279483349258726e+02
1.883031646648932167e+02
1.843124302490066952e+02
1.848246845048400360e+02
1.885491234664041542e+02
1.881432147944696851e+02
1.887214965097465438e+02
1.886505896529238555e+02
1.890500679140031934e+02
1.898267867648131642e+02
1.896874768212926483e+02
1.901665444605286837e+02
1.873649029519608007e+02
1.852240059049944705e+02
1.850030917747036199e+02
1.855517147024340261e+02
1.868042186322734892e+02
1.909066225349671981e+02
1.954249215057366484e+02
1.960224877981978011e+02
1.959508734992420500e+02
1.955581684742245159e+02
1.961062450153154373e+02
1.966082561060826208e+02
1.938017941995559283e+02
1.916451282185209948e+02
1.920491415507246700e+02
1.908152643768702887e+02
1.909087128211515676e+02
1.902907199821183042e+02
1.910498708795751384e+02
1.910498353196165056e+02
1.904529782419395190e+02
1.903485068468458508e+02
1.901961658777757123e+02
1.903785110961564442e+02
1.919446958858420942e+02
1.883147255406875900e+02
1.891445708794506970e+02
1.904259272721288880e+02
1.904626140314372265e+02
1.915780554563536384e+02
1.938048860670252225e+02
1.966132917106607749e+02
1.969822360438920725e+02
1.973191584368255747e+02
1.973305588572837337e+02
1.968039108431205477e+02
1.966486932525423015e+02
1.962322639659677179e+02
1.964419327221949914e+02
1.965850576264400331e+02
1.971794032060533937e+02
1.972455533727370494e+02
1.972894028768816952e+02
1.971402015109329966e+02
1.969408429396603992e+02
1.964329416129446031e+02
1.967608292012482423e+02
1.971958803635903337e+02
1.972666461475429003e+02
1.952473496199309011e+02
1.950429797314114637e+02
1.952158821562827029e+02
1.954467092960215098e+02
1.988890063869784797e+02
1.987767925882683642e+02
1.992478589422861148e+02
1.989249606724926593e+02
1.991571003335054399e+02
1.927775568181729682e+02
1.942388891306135008e+02
1.928805323607253968e+02
1.957028660301462253e+02
1.899617538524540521e+02
1.894944437296634305e+02
1.919757395000002020e+02
1.924490217269826360e+02
1.927447631017712411e+02
1.900995783883222998e+02
1.841880720211348716e+02
1.792658671573283584e+02
1.805638355211338535e+02
1.798664526313688725e+02
1.728215528910943704e+02
1.680415598261099603e+02
1.625324174422512158e+02
1.617089238026128442e+02
1.541294001039568968e+02
1.496070194349262863e+02
1.445272210844356096e+02
1.364863865358535122e+02
1.233357093401435804e+02
1.153429291035519100e+02
1.039989484407641100e+02
9.884285866820306410e+01
9.339092486284442884e+01
9.514939342734236050e+01
9.195288127122582011e+01
9.170719928500766116e+01
9.174018716518118310e+01
9.212354281122138389e+01
9.505046088090334422e+01
9.518358792349182806e+01
9.792068360619761336e+01
9.799036320191640925e+01
9.871422167301305706e+01
9.862104016550381402e+01
9.807024255072573737e+01
9.809478199566737544e+01
9.792549109909978711e+01
9.615917175602544376e+01
