-2.865484209134070852e+02
-1.846282354767965046e+02
-2.396510300903505879e+02
-2.601693531869841536e+02
-2.770151666304166724e+02
-3.094441759451695475e+02
-2.864357555691031507e+02
-2.642493513769750280e+02
-2.594852632611085710e+02
-2.825744724284995755e+02
-2.705877195339390369e+02
-2.780534881622256194e+02
-2.711651078769731953e+02
-2.696480885978618858e+02
-2.641447350379578438e+02
-2.561465602374090054e+02
-2.594655350270366512e+02
-2.563638199739933725e+02
-2.513043224654683740e+02
-2.477694997705842184e+02
-2.445372597577166118e+02
-2.414606839672119634e+02
-2.391578425855648220e+02
-2.343623827089081715e+02
-2.329700171963001480e+02
-2.302283135745819891e+02
-2.272989786079363057e+02
-2.243940125718709453e+02
-2.233069561215769454e+02
-2.223276419440670963e+02
-2.205676193384945520e+02
-2.187012095489682224e+02
-2.202646320161611584e+02
-2.177832317390686399e+02
-2.155113608537000118e+02
-2.164779199176126383e+02
-2.179653672192885665e+02
-2.165966836529261457e+02
-2.134467959261406236e+02
-2.116101572315064061e+02
-2.093179511172479010e+02
-2.062889744671139454e+02
-2.035753343645593247e+02
-2.007138165203583640e+02
-1.978370017346546774e+02
-1.977001382249048334e+02
-1.956190607502875025e+02
-1.929671364626472041e+02
-1.914214189926228187e+02
-1.887973423300485649e+02
-1.868951548456338116e+02
-1.853220114552298696e+02
-1.832989267117378063e+02
-1.841341926215104365e+02
-1.820061981121309884e+02
-1.805511965237424761e+02
-1.778356433361230415e+02
-1.764324198038198972e+02
-1.753705617946425548e+02
-1.739975017341306796e+02
-1.726702764821852725e+02
-1.711812647049717384e+02
-1.705136992350235801e+02
-1.699680426648300795e+02
-1.681214621163113065e+02
-1.670983366336624556e+02
-1.660589028241652727e+02
-1.655414138530091179e+02
-1.651036716891744049e+02
-1.646125024974415112e+02
-1.640437556568059847e+02
-1.627739205553811530e+02
-1.618544059681306067e+02
-1.613311862181726326e+02
-1.601596586863872176e+02
-1.587660777606630802e+02
-1.581714610336466080e+02
-1.573797656737724822e+02
-1.565801523363448950e+02
-1.556715348252112676e+02
-1.552073390821119574e+02
-1.541639553585469855e+02
-1.531820898508483708e+02
-1.507487862916470078e+02
-1.496136043153690025e+02
-1.492927679764214304e+02
-1.485966176354177435e+02
-1.479549610517373992e+02
-1.470100418716686761e+02
-1.464915858706819449e+02
-1.457685637786412940e+02
-1.451950363773815695e+02
-1.444288505788039174e+02
-1.432013002818987388e+02
-1.429541623988637014e+02
-1.427729629239084943e+02
-1.421552659136269767e+02
-1.420346711403675499e+02
-1.417928219557065574e+02
-1.407876796562735251e+02
-1.387197913573592700e+02
-1.394007506323759458e+02
-1.368945615349404079e+02
-1.355365804652792008e+02
-1.330435518181696466e+02
-1.298789584153397527e+02
-1.295453835171049661e+02
-1.298880174073387082e+02
-1.289534760488277811e+02
-1.254673886252610515e+02
-1.251277600584117096e+02
-1.226741227390415645e+02
-1.217624865694676402e+02
-1.202781137327589818e+02
-1.197343299190708592e+02
-1.195121496566468409e+02
-1.171148019841921268e+02
-1.162893024320896416e+02
-1.155533396443673126e+02
-1.147461398913884523e+02
-1.137843201937706965e+02
-1.129665193707980393e+02
-1.122260398162406574e+02
-1.125758971770038386e+02
-1.112244287195732824e+02
-1.106647248417529994e+02
-1.108350517438868224e+02
-1.103938392336748677e+02
-1.116608738093125197e+02
-1.107286373582935255e+02
-1.101355849455528926e+02
-1.100047639422289620e+02
-1.082918953830843805e+02
-1.080064350456203783e+02
-1.072529071802503466e+02
-1.054156169245015775e+02
-1.036527809001846805e+02
-1.025427207038568440e+02
-1.020000166491496003e+02
-1.015610199822377098e+02
-1.008220080306264776e+02
-1.004756224634880226e+02
-9.966699806957221597e+01
-9.963897203525981183e+01
-1.004370374324158348e+02
-1.001968291658060792e+02
-9.978394038083369821e+01
-1.000690021609592577e+02
-9.903969516117371086e+01
-9.849083941023198463e+01
-9.861414517140167391e+01
-9.810671697149604142e+01
-9.824353752976203680e+01
-9.680533840088288855e+01
-9.642393422626402355e+01
-9.595927058947765431e+01
-9.628539623724472563e+01
-9.579389672814275514e+01
-9.519310542441786538e+01
-9.520754609552788850e+01
-9.482362454652806605e+01
-9.510115823911992550e+01
-9.511059985110945547e+01
-9.603703658850126601e+01
-9.821193047959729938e+01
-9.736302648612411303e+01
-9.735348816990162391e+01
-9.689184387817854827e+01
-9.585662819317343519e+01
-9.489105698408494050e+01
-9.447832366992719244e+01
-9.422193357538176883e+01
-9.382687498304814255e+01
-9.285168920621237021e+01
-9.298677878608606306e+01
-9.308989014240567883e+01
-9.217206437248469797e+01
-9.204760474932358250e+01
-9.205925051073823795e+01
-9.168267517394920674e+01
-9.088714027952153174e+01
-9.035301192278375026e+01
-9.006812554847833496e+01
-9.084499433982124117e+01
-9.078000113377882485e+01
-9.078408808665561480e+01
-9.055011885819452289e+01
-9.046852741939757436e+01
-9.042643767748074879e+01
-9.013914321857645007e+01
-9.004416683824915424e+01
-9.153655551749045571e+01
-9.153837139211566409e+01
-9.176044168828300940e+01
-9.130496854714908750e+01
-9.030738023627257860e+01
-9.032863332119448785e+01
-8.981217068836909334e+01
-8.925967135623113791e+01
-8.922877357273864618e+01
-8.938931772841320367e+01
-8.834462319215246850e+01
-8.829473244183606084e+01
-8.683459683280678121e+01
-8.687179116319228456e+01
-8.560492613235511783e+01
-8.512073117094767838e+01
-8.395586493608124101e+01
-8.291170521577748787e+01
-8.197665878401920736e+01
-8.144203089442943622e+01
-8.086855022191673470e+01
-8.034737545050677454e+01
-8.005616700783747319e+01
-7.923099878775562388e+01
-7.845922856577750792e+01
-7.776960582182556436e+01
-7.740028665840486610e+01
-7.710219695145885055e+01
-7.656627405654312213e+01
-7.610657310676263876e+01
-7.582590447731992356e+01
-7.503846158735760241e+01
-7.385632161076479463e+01
-7.380196059062839709e+01
-7.326135224445543770e+01
-7.185163654955462675e+01
-7.155233964924578061e+01
-6.869101175196762199e+01
-6.837600495575652815e+01
-6.802549902527323411e+01
-6.734218044401831094e+01
-6.659202721207988418e+01
-6.576574671235931646e+01
-6.571134252099814432e+01
-6.569257033698865200e+01
-6.586950628664490637e+01
-6.602821846035834596e+01
-6.667190705071504908e+01
-6.632411187921013607e+01
-6.666180158047032478e+01
-6.695294597373832346e+01
-6.703990114343763196e+01
-6.658672255728602352e+01
-6.607303415499110599e+01
-6.585060229214647620e+01
-6.603744117936943780e+01
-6.553920825667907479e+01
-6.571099647062574434e+01
-6.579773405595864233e+01
-6.540401029167145452e+01
-6.542966779491322882e+01
-6.519514719137004022e+01
-6.504558770773498111e+01
-6.468127563278197556e+01
-6.396220223260156956e+01
-6.431999825826615336e+01
-6.411368410942549190e+01
-6.394565563278082720e+01
-6.335343964733129951e+01
-6.350219214784375055e+01
-6.470395445800200207e+01
-6.426092372141408759e+01
-6.231990759681409031e+01
-6.031691344081235684e+01
-6.228836847614989125e+01
-6.195345776762749068e+01
-6.184628141680500590e+01
-6.201815125354681157e+01
-6.200115103037924769e+01
-6.188747439167188702e+01
-6.183481297516893704e+01
-6.343748638307713605e+01
-6.505381270464802412e+01
-6.448045216903943810e+01
-6.432858856026214767e+01
-6.434588316005500985e+01
-6.404648962950498969e+01
-6.313675977582856547e+01
-6.312091761124575129e+01
-6.313302027412530038e+01
-6.357595077463888344e+01
-6.405011192822044563e+01
-6.414209422552154649e+01
-6.388119407284944629e+01
-6.298022241795207066e+01
-6.449557635916659137e+01
-6.391243494945310033e+01
-6.433005334300702316e+01
-6.461187950554727877e+01
-6.479685688611206729e+01
-6.352174624216193166e+01
-6.427763733237711108e+01
-6.429517151592838786e+01
-6.369946934155249352e+01
-6.412791826532378536e+01
-6.389728016698114743e+01
-6.365718952128982977e+01
-6.351606096785527455e+01
-6.399922219894587272e+01
-6.489032055851963321e+01
-6.854631729641506865e+01
-6.896750646419060615e+01
-6.885688519333444901e+01
-6.839352706819271077e+01
-6.864895713385605802e+01
-6.845793875452119437e+01
-6.849050575979406119e+01
-6.929135073293667801e+01
-7.097189068911220033e+01
-7.198756326117938897e+01
-7.170777723999577802e+01
-7.195109276670054044e+01
-7.203123838819483638e+01
-7.192251761206050276e+01
-7.187793106111021757e+01
-7.226810890726476089e+01
-7.192959294644154511e+01
-7.166368209085169383e+01
-7.202423440269531341e+01
-7.143480574008873418e+01
-7.200726387624506231e+01
-7.301948069130894226e+01
-7.268758152600732103e+01
-7.227312651483934758e+01
-7.239803792604344324e+01
-7.269049010431211855e+01
-7.210674430605475038e+01
-7.178502539894765277e+01
-7.181453222307422379e+01
-7.125902910608579077e+01
-7.065948075268987338e+01
-7.024741918801043994e+01
-6.999924330501794145e+01
-6.963057941936288842e+01
-6.927740988382568332e+01
-6.836481118786343814e+01
-6.838676545295663800e+01
-6.840802509082554650e+01
-6.812690690330451559e+01
-6.746753983331547033e+01
-6.674288581734893455e+01
-6.715192430955750069e+01
-6.872097304215363067e+01
-6.936584294870527856e+01
-6.839090388030709278e+01
-6.848766926936283994e+01
-6.950678842282404446e+01
-7.037368566351440791e+01
-7.098769026755869049e+01
-7.086900340107196428e+01
-7.141210253390438822e+01
-7.130419930585298971e+01
-7.099811456032412593e+01
-7.230281926102284729e+01
-7.351994713179087171e+01
-7.360086015915631208e+01
-7.413466182192718179e+01
-7.417629223588991749e+01
-7.401749006389125896e+01
-7.375310722540048403e+01
-7.219491738071533860e+01
-7.186454495645949692e+01
-7.197312505609362177e+01
-7.211224890401331322e+01
-7.008739643329040803e+01
-6.971878436981725713e+01
-6.943662390932946948e+01
-6.966262135257248644e+01
-7.060503870771043466e+01
-7.058468709492457549e+01
-7.067797500967353130e+01
-6.916698294168899963e+01
-6.795846196233964065e+01
-6.831955198999700940e+01
-6.822535237441748279e+01
-6.904366103011859934e+01
-6.941687234697181452e+01
-7.032815219055252953e+01
-7.037228016512298723e+01
-7.042536479522337345e+01
-7.030393936903628571e+01
-7.034855621982882212e+01
-7.088786399191377541e+01
-7.080890077472137989e+01
-7.053459554146701294e+01
-6.881493627138416969e+01
-6.982202850055983845e+01
-6.939870556012989766e+01
-6.947312283070766625e+01
-6.871105756711723700e+01
-6.806985293382420821e+01
-6.695522265960366326e+01
-6.578845616694505338e+01
-6.623188870952655805e+01
-6.683029514067811760e+01
-6.634817955788021493e+01
-6.664721894998251628e+01
-6.659500269880547307e+01
-6.624237166636980589e+01
-6.424820247283288666e+01
-6.010760225579127081e+01
-5.924513647302465813e+01
-5.942312135326162803e+01
-5.888824717095444328e+01
-6.064212734957744999e+01
-6.168397390233169375e+01
-6.154332848086157526e+01
-6.055734776531453178e+01
-5.934049660634498480e+01
-5.809528959631139600e+01
-5.844006541754636430e+01
-5.779947729214638485e+01
-5.721486683713806087e+01
-5.681504905196094768e+01
-5.692095511530646945e+01
-5.713458062791716685e+01
-5.684762629106402443e+01
-5.699119247221624107e+01
-5.688936067306831035e+01
-5.778031155183050060e+01
-5.641317101688559887e+01
-5.551467536344401310e+01
-5.563282410928000843e+01
-5.563706425716281956e+01
-5.684808836883771477e+01
-5.721225141683257931e+01
-5.737924254923764522e+01
-5.723738891556205743e+01
-5.675889647188247267e+01
-5.661061185715744415e+01
-5.681858096996770513e+01
-5.681125040986419350e+01
-5.652096188924486597e+01
-5.652298474226551406e+01
-5.645708679263299246e+01
-5.625063424824760716e+01
-5.568066978039909287e+01
-5.506036858992939642e+01
-5.478738035528257910e+01
-5.498216177445214470e+01
-5.522618961531034643e+01
-5.521752193093452377e+01
-5.340075555939066021e+01
-5.235674929448778414e+01
-5.231184555217230070e+01
-5.151052691650745174e+01
-4.992833844779595864e+01
-4.945049793206258215e+01
-4.928933599005232224e+01
-4.906586720576270011e+01
-4.795386011598636600e+01
-4.719127459213246567e+01
-4.702337286109339232e+01
-4.673141462157420989e+01
-4.619932870448005957e+01
-4.532900734543442667e+01
-4.485080270637295996e+01
-4.442465592349673642e+01
-4.442812913121770180e+01
-4.410503121334171794e+01
-4.371376073082423375e+01
-4.321397016989102013e+01
-4.315429423775633211e+01
-4.231164933594989463e+01
-4.304144799409586142e+01
-4.293835141539712197e+01
-4.261036104555870452e+01
-4.185849745605159455e+01
-4.061958954687719370e+01
-3.981401039821589904e+01
-3.958691096022078426e+01
-3.891749017166124958e+01
-3.852790644466014669e+01
-3.819468461402769321e+01
-3.797390840965993419e+01
-3.686637222967920735e+01
-3.596806837345993557e+01
-3.467521973133387547e+01
-3.439456394940597761e+01
-3.433772679425874941e+01
-3.354217805195655444e+01
-3.262839288337539045e+01
-3.178745925437128506e+01
-3.174657107770357811e+01
-3.160277188709081742e+01
-3.138982781948975642e+01
-3.054001602459732467e+01
-3.028397557969759291e+01
-2.890551393299049820e+01
-2.873329820750406327e+01
-2.807440867435259690e+01
-2.766709281861882275e+01
-2.817046342839943307e+01
-2.564129719370550475e+01
-2.477707598867428374e+01
-2.497152214241425838e+01
-2.459564857469441534e+01
-2.383922355072265020e+01
-2.369953629566607844e+01
