-9.076678402984541094e+01
-1.496779754423235431e+02
-2.953796331608752439e+02
-3.049802907061367137e+02
-3.063165223056183777e+02
-3.085646078099975966e+02
-3.493947497681211871e+02
-3.895926904174678498e+02
-4.030088510726355366e+02
-3.822540958142525369e+02
-3.636496409396963259e+02
-3.496507721222821488e+02
-3.366086080192200143e+02
-3.196779761682054755e+02
-3.089690513884171992e+02
-2.932663744707538171e+02
-2.852461340792418127e+02
-2.719375827834062989e+02
-2.576194391204469980e+02
-2.474084077564091331e+02
-2.382882292406577847e+02
-2.355952759693377629e+02
-2.298254819033256808e+02
-2.236324036940655162e+02
-2.219723814697256330e+02
-2.193163151240723607e+02
-2.121244201284346502e+02
-2.144195347789706432e+02
-2.145647093365057003e+02
-2.161140770730310692e+02
-2.177527958012058491e+02
-2.169266000421985154e+02
-2.144875305741098828e+02
-2.105380655411582893e+02
-2.055280236471611204e+02
-2.031501382687071384e+02
-1.980611871166655362e+02
-1.986861878262140237e+02
-1.994347906676914874e+02
-2.026920180948660004e+02
-2.020075449913574914e+02
-2.070394207176290706e+02
-2.164076158739343896e+02
-2.164919177816884996e+02
-2.139597188998967283e+02
-2.108636836211868797e+02
-2.121340820119736179e+02
-2.131110361501866066e+02
-2.111516298369940898e+02
-2.085298267655078348e+02
-2.087054607586981660e+02
-2.064847447073263709e+02
-2.045819484388334217e+02
-1.969850414304275432e+02
-1.984636475268604272e+02
-1.917979150614770845e+02
-1.897021821816515796e+02
-1.873104013399706389e+02
-1.844422402064146240e+02
-1.814481107148772026e+02
-1.826875194171771284e+02
-1.806727696598376838e+02
-1.780826969615931148e+02
-1.753996807779585652e+02
-1.735578100685470986e+02
-1.716170978391610902e+02
-1.700628868489210390e+02
-1.682031046040162892e+02
-1.662666957457430215e+02
-1.647267683626761539e+02
-1.654646431779967486e+02
-1.634411487396092184e+02
-1.635288227020194256e+02
-1.644269156303897716e+02
-1.630122853760159671e+02
-1.636916452163644635e+02
-1.641929217095680826e+02
-1.632067798057850609e+02
-1.634813962869008890e+02
-1.628884601396176492e+02
-1.615365413814430156e+02
-1.617780046488507821e+02
-1.608068190965474571e+02
-1.597859266335019868e+02
-1.589634574449469255e+02
-1.581511727123049980e+02
-1.577347270713290754e+02
-1.566240839636731152e+02
-1.557782995471528693e+02
-1.557015742467950759e+02
-1.513231338959211314e+02
-1.506004938331610390e+02
-1.496276962941747684e+02
-1.487876779249227468e+02
-1.484410060821618913e+02
-1.486100747096101315e+02
-1.451511031069762794e+02
-1.433346041350220617e+02
-1.407350444657137984e+02
-1.396206854789611498e+02
-1.363776953664703342e+02
-1.354192369044271516e+02
-1.294366883203848317e+02
-1.261162897042917166e+02
-1.241129140914170534e+02
-1.210490727530789741e+02
-1.138855230019315030e+02
-1.067009596985693491e+02
-1.018108098845555531e+02
-9.846061946568327983e+01
-9.517331734510096908e+01
-9.091187244078317065e+01
-8.721746048458193457e+01
-8.424740229403332137e+01
-8.063822911639880431e+01
-8.006649222513684094e+01
-7.671224944389688005e+01
-7.650505495500638631e+01
-7.634934839150058394e+01
-7.412037810548049777e+01
-7.421087363284887317e+01
-7.036701287174533093e+01
-6.750050497879398392e+01
-6.534140683530227989e+01
-6.212300236069960846e+01
-6.046726207701279066e+01
-6.008929796279485913e+01
-5.812953665213028387e+01
-5.533145673723262092e+01
-5.398415048044576281e+01
-5.113648548130709059e+01
-4.885003335278116765e+01
-4.747063112000607532e+01
-4.701525612976748647e+01
-4.512763786439342084e+01
-4.439611421819277837e+01
-4.519316930775500651e+01
-4.319606951301666697e+01
-3.902035000079857241e+01
-3.392407944101416462e+01
-2.996489790916388785e+01
-2.747380113071794483e+01
-1.924619488026916869e+01
-1.562619101618342654e+01
-1.242216500101292098e+01
-1.138934244586826949e+01
-7.506573283227249149e+00
-3.252983596696351398e+00
-3.421810936332320696e-01
2.062479691591305286e+00
6.366746252890436608e+00
8.982332752149449817e+00
2.571648412603691369e+00
2.043584002628637819e+00
6.624393212078182103e+00
4.821249670048913138e+00
6.792392723069103688e+00
9.766267899932733698e+00
1.252890140193684765e+01
1.337260101864842987e+01
1.824144948512760678e+01
1.714676821564564690e+01
1.852846672382640847e+01
2.071366175357002604e+01
2.377652474294537654e+01
2.650725663929709697e+01
2.733652377897283259e+01
2.754671807304549347e+01
2.928456284383014108e+01
2.952074752735217800e+01
3.030111674938794764e+01
2.982127413521620696e+01
3.366823278500996253e+01
3.822448485030757581e+01
4.100707747120232938e+01
4.291654049983028330e+01
4.658777127843516297e+01
4.887423323665834118e+01
5.277417369216449572e+01
5.612472000198188482e+01
5.892093394187217115e+01
6.297868724371511462e+01
6.617327228660174399e+01
6.918681442063626719e+01
7.252139893800779191e+01
7.512627554386193651e+01
7.845729068966707587e+01
8.088579083761334232e+01
8.405231108774482607e+01
8.414264052473097877e+01
8.141680063275482837e+01
8.494544399597822348e+01
8.665876867242067760e+01
8.977581425560381945e+01
9.315120294251542532e+01
9.605289783076200649e+01
9.630491956128355469e+01
9.527646598856225069e+01
9.358085578813485483e+01
9.399139140943545101e+01
8.893855848879989878e+01
9.216325790283325148e+01
9.452160079407275362e+01
9.609765914998227743e+01
9.678981673089380422e+01
9.765440317675029291e+01
9.880483605698579197e+01
9.991015511342480693e+01
1.000291571485489897e+02
1.001307865034015236e+02
1.009786856551523471e+02
9.797279155611998647e+01
9.840076503391620122e+01
9.526900456928223093e+01
9.272194951699100329e+01
9.525619891863932764e+01
9.560870588646172052e+01
9.817220416554575024e+01
1.001705522333019474e+02
9.952864309736861514e+01
1.025642709381764206e+02
1.021003786645637348e+02
9.921420904872503854e+01
9.628109008365505872e+01
9.543468328722894967e+01
9.754615886377351330e+01
9.670435576242400089e+01
9.946452305335593280e+01
9.991452944406130143e+01
1.005626619009335059e+02
1.025703130953475437e+02
1.040713835287177460e+02
1.065657684688797957e+02
1.090710028744482827e+02
1.091729085073442747e+02
1.115934903145759449e+02
1.125305430489155185e+02
1.144146140106132350e+02
1.148150140409471192e+02
1.150802737574394996e+02
1.141492504850129563e+02
1.182592700423505789e+02
1.185566995397845744e+02
1.198608326020981849e+02
1.194559327873914469e+02
1.201680192437257517e+02
1.204603283270505898e+02
1.208315160150466596e+02
1.204001331602407703e+02
1.213896532318938739e+02
1.220108878026160824e+02
1.222847873092675712e+02
1.318490494274838341e+02
1.323916438605302233e+02
1.327218903712452800e+02
1.355486142667027423e+02
1.362229348333449082e+02
1.360357821513270835e+02
1.359653072119696162e+02
1.375872679792676365e+02
1.371540455044910800e+02
1.407652568231801240e+02
1.422543648997419155e+02
1.365825598602239097e+02
1.360700393485730046e+02
1.356110196589959855e+02
1.380655921209504129e+02
1.408767095839147601e+02
1.416485124930721611e+02
1.444082809933913438e+02
1.481026137079824423e+02
1.499575258957475512e+02
1.498957240177485915e+02
1.497576305033606161e+02
1.495490321293711986e+02
1.520821897557431157e+02
1.524669629775011401e+02
1.534445889181269251e+02
1.531252423950195123e+02
1.521463132558577058e+02
1.527127799770967727e+02
1.532815057584203942e+02
1.532097489967285640e+02
1.534136284622178152e+02
1.531257431826628022e+02
1.539930540013074847e+02
1.539509444958132178e+02
1.545524403995619878e+02
1.543532595821182554e+02
1.584593404436106994e+02
1.611664624989318213e+02
1.612791760645314696e+02
1.625679063852159913e+02
1.623990704425472416e+02
1.619684154348965421e+02
1.628145820287266758e+02
1.629124679682177828e+02
1.659447518995307576e+02
1.688446734327843046e+02
1.699913390184774471e+02
1.752882265042943857e+02
1.751643806620911334e+02
1.750027609357015592e+02
1.756441433399960772e+02
1.752876966185496315e+02
1.774492495497301832e+02
1.776864228427111811e+02
1.784012227962593897e+02
1.805464316396196693e+02
1.814916685984536855e+02
1.818521758155608268e+02
1.849230065615026888e+02
1.852739832935735365e+02
1.889219065643112003e+02
1.921780070862899379e+02
1.920942813153037889e+02
1.925808667698978809e+02
1.926445470983514667e+02
1.925958295650751211e+02
1.892794092328394981e+02
1.893626155634631232e+02
1.894601449535809650e+02
1.934192513725308515e+02
1.973885913346147447e+02
1.992907004678745864e+02
1.992016824528533334e+02
2.024462370230651231e+02
2.023655903404522576e+02
2.039081442901795640e+02
2.067121964967276426e+02
2.069657742564062346e+02
2.072777196154644059e+02
2.070454988213736272e+02
2.077123361164823905e+02
2.082367089168363634e+02
2.084509002988549469e+02
2.110682732947512648e+02
2.122077842013679287e+02
2.095494751787921359e+02
2.100374371427658389e+02
2.108519156350671153e+02
2.111298957469930997e+02
2.110497906123453618e+02
2.107583311261015524e+02
2.112305014192028523e+02
2.125753133819348761e+02
2.139225874398039764e+02
2.146713617395765823e+02
2.157040178633763503e+02
2.158677168108193598e+02
2.155526983391447402e+02
2.160530985836568902e+02
2.143058384054091334e+02
2.143112139708481152e+02
2.146529177164235023e+02
2.143491256757432382e+02
2.150587989520831513e+02
2.150325854796760439e+02
2.148844679207086301e+02
2.149284301443757101e+02
2.155220516004479521e+02
2.161490834226375171e+02
2.151637714962473069e+02
2.206816898648471295e+02
2.215021042601007082e+02
2.224258439406477805e+02
2.153994863993393380e+02
2.150101540669179769e+02
2.152568932733423992e+02
2.145576971689045251e+02
2.145290885148289419e+02
2.160343825452603710e+02
2.166298606053200331e+02
2.165757412173254863e+02
2.174618007052834514e+02
2.180052208669760034e+02
2.184324192905582720e+02
2.155833307752272106e+02
2.157685711470715546e+02
2.168214101601240031e+02
2.166515206110194072e+02
2.156850015463037948e+02
2.163716751793019739e+02
2.162644792101842768e+02
2.153402798924431636e+02
2.150131369279421847e+02
2.156871913843572202e+02
2.154448433506098866e+02
2.158952319748149478e+02
2.158917002440219335e+02
2.163144048180404866e+02
2.156932063938171211e+02
2.153006232929615749e+02
2.147922111614089715e+02
2.134123384502771046e+02
2.136722239448494634e+02
2.140718475518307002e+02
2.144851208076042610e+02
2.142995591590492097e+02
2.147705328215882048e+02
2.138462333444401224e+02
2.148641273731479657e+02
2.144270224844778454e+02
2.143948973515271348e+02
2.178695332320539819e+02
2.147864568042731435e+02
2.139218473437286150e+02
2.140375888113807150e+02
2.143631999149311014e+02
2.143559662000802462e+02
2.135353415849907890e+02
2.134903861621809540e+02
2.098141805707804224e+02
2.097161178561144084e+02
2.088804772272910384e+02
2.089378250472959166e+02
2.092461039776933944e+02
2.089154683449699235e+02
2.086380166460376415e+02
2.132928334509834940e+02
2.129168684428659901e+02
2.140772022842129729e+02
2.136943622040339221e+02
2.135926620009682040e+02
2.137310711133972063e+02
2.142965427631031332e+02
2.139246095420952543e+02
2.145265393050202363e+02
2.144670479169221551e+02
2.144927320432897204e+02
2.143665711308281629e+02
2.144395188146120859e+02
2.144163348268569109e+02
2.138925677570339019e+02
2.144591703094866659e+02
2.148675267275666556e+02
2.151026455406713751e+02
2.148358001215110562e+02
2.171634854982938521e+02
2.163844065936006587e+02
2.164880686758715740e+02
2.163472000640699378e+02
2.169829818825106713e+02
2.173489736234804752e+02
2.176471082461210642e+02
2.172313851048915865e+02
2.169974785475231442e+02
2.168634902188463514e+02
2.170932812475683420e+02
2.166087423186605747e+02
2.166447765582836382e+02
2.167661965237068671e+02
2.187609983132617231e+02
2.188077146235455075e+02
2.184283128204733941e+02
2.179819197040037011e+02
2.176660740471119766e+02
2.179272228695548392e+02
2.179673927233019981e+02
2.178484984096176049e+02
2.176408742179964122e+02
2.166939504282411519e+02
2.172498885325031779e+02
2.174056639369077288e+02
2.166535724803348160e+02
2.163780500594124305e+02
2.231644875726919111e+02
2.235477409679150469e+02
2.240798249073998818e+02
2.249844400016660870e+02
2.251811425203627834e+02
2.253380049426011738e+02
2.252509895389040366e+02
2.258952899464605366e+02
2.252116661396423183e+02
2.247533979466749940e+02
2.247619456859122238e+02
2.280401368860548246e+02
2.287604175664658896e+02
2.288435445111507249e+02
2.287308607075369480e+02
2.294934101809446361e+02
2.284831296784710446e+02
2.283894823597206880e+02
2.292891364890853652e+02
2.296001329985750203e+02
2.296846881983032063e+02
2.294368461902836600e+02
2.295633551988443628e+02
2.267373855197049011e+02
2.266969687817083923e+02
2.270817836893357651e+02
2.278317489327200747e+02
2.285834808818621582e+02
2.306341851006150705e+02
2.312012774811467182e+02
2.303643301615900327e+02
2.303037978481873154e+02
2.303145969042121521e+02
2.306273146958308189e+02
