-3.691160330629192572e+02
-2.425750592058659265e+02
-4.352723206050530393e+02
-4.392633787536041723e+02
-2.172317625627922553e+02
-3.846656683620705053e+02
-1.294621076146787004e+02
-4.864389205869200055e+02
-1.963084435848388978e+02
-4.444536385473667224e+02
-1.545692541189698659e+02
-1.154713102178343718e+02
-1.506773926522644445e+02
-1.049662210828608693e+02
-1.249575446028843544e+02
-3.227216739545096971e+02
-1.663884922269224944e+02
-1.211905046537364683e+02
-1.358849450027766466e+02
-1.469168503000595081e+02
-8.028459444380663967e+01
-1.290131807228013940e+02
-9.838764515657150866e+01
-1.370759525061091608e+02
-1.416567815440840832e+02
-1.932857546215855109e+02
-1.309179448596942166e+02
-1.170510047765175159e+02
-1.118116414160345187e+02
-5.235457681337482683e+01
-3.206162372449617806e+02
-2.101551095877476882e+02
-1.138876406158320123e+02
-1.815541904630276804e+02
-1.616793625839247568e+02
-9.831694856029166374e+01
-1.516021768796952927e+02
-3.776718819702330165e+01
-1.254923586050735764e+02
-1.751614864027333738e+02
-1.318028426384633747e+02
-1.136749571216139998e+02
-1.520830398131141976e+02
-1.602691915615235700e+02
-9.617409557602903192e+01
-1.313570756883215722e+02
-1.146861138990737601e+02
-3.375200123318336409e+02
-1.332218563503095083e+02
-1.209336671393227505e+02
-1.019095680400897237e+02
-1.469050682024852108e+02
-6.903066805673560680e+01
-4.817626887107682165e+01
-5.056964443992951175e+01
-1.567217480436411847e+02
-1.080401865283475615e+02
-3.316546739699515456e+02
-1.947502371940298644e+02
-3.458049822419502561e+02
-2.142103346927897860e+02
-1.371709772154583220e+02
-1.546357754493749326e+02
-2.568258294781864493e+01
-1.322706051022030351e+02
-1.779928176883097422e+02
-8.655058462722288937e+01
-1.758459127821046764e+02
-1.611065058960007832e+02
-1.754736523287028831e+02
-1.985291153682869663e+02
-2.178559183761128111e+02
-2.439486485641010063e+02
-2.127266358489473532e+02
-1.260878346619336838e+02
-1.570906289011417698e+02
-2.325469797498698483e+02
-1.791226656259805168e+02
-1.401506097492367644e+02
-8.943950564175000295e+01
-2.417223041190162292e+02
-2.006598958015664209e+02
-2.533045008583402478e+02
-1.572041856798715003e+02
-1.794865464174750684e+02
-8.918571542425065957e+01
-1.867722537310667121e+02
-2.076055236121523251e+02
-2.615027797980806099e+02
-3.923673923064818609e+02
-2.460795345851982745e+02
-2.310451393521828720e+02
-9.287889748157155623e+01
-1.627621214604461102e+02
-2.507056632709240773e+01
-1.753698355451656994e+02
-9.469101930319750693e+01
-1.403997040465368968e+02
-3.285076990958249326e+02
-2.802830528867299336e+02
-2.846984972360969550e+02
-1.904283858965989680e+02
-1.381682641857099156e+02
-1.357023059932642468e+02
-9.940240307087914573e+01
-2.904990684326266432e+02
-2.143752317169100365e+02
-7.055589776124692492e+01
-1.634997865676158995e+02
-5.341130623619608286e+01
-9.851702217236318404e+01
-1.798758283078295221e+02
-1.717955587191376026e+02
-1.277147706577804342e+02
-1.733466760793297112e+02
-1.062861732224741758e+02
-1.362362525029587346e+02
-1.172828131261389331e+02
-4.575426328161344003e+01
-8.157054432087561224e+01
-1.529372615024392132e+02
-1.096230250365122174e+02
-2.206497736648205432e+02
-2.048699730359427917e+02
-2.504392306404364490e+02
-1.106725425614606877e+02
-1.390330231004271013e+02
-1.091936797633422600e+02
-1.836780505356214803e+02
-2.411577841253117640e+02
-7.434249916228790767e+01
-1.928466837314755367e+02
-9.346875819272253239e+01
-2.104138549515290038e+02
-1.101936811085327292e+02
-2.471418542600567889e+02
-1.060227375795151090e+02
-3.108449683083658783e+02
-1.294169173980994856e+02
-1.181657826109234861e+02
-1.392129611293020730e+02
-1.633973931619609914e+02
-1.164402362076267110e+02
-2.293558730695422412e+02
-1.183949485978849765e+02
-9.942249724133803568e+01
-1.527802450163657113e+02
-2.589336646893362968e+02
-8.392953960937643387e+01
-1.642980493081105351e+02
-1.193057608851399607e+02
-1.931281194511083186e+02
-8.579254735670937748e+01
-2.527501164575056976e+02
-1.352993268918961860e+02
-1.779175068449822845e+02
-2.491249156596006742e+02
-2.453580794733780976e+02
-2.441093212624439843e+02
-8.796619392970129070e+01
-1.117893421290279434e+02
-1.583755156462572415e+02
-1.894933017079297883e+02
-1.790577103654817961e+02
-1.698234498745337646e+02
-1.965563363099517744e+02
-1.733101858834163522e+02
-2.443591519622374335e+02
-1.691406635950576174e+02
-2.767148531538607585e+02
-2.531037821453106176e+02
-4.913741219150892903e+02
-9.831276429416135443e+01
-1.149534756125967618e+02
-2.865411354707067630e+02
-1.771173263088604415e+02
-1.966526686931992458e+02
-3.395066444579032918e+02
-3.066539701061460619e+02
-1.859976352840029961e+02
-2.041091878486148232e+02
-8.687206464119837790e+01
-2.857513881302937193e+02
-1.793880284015453697e+02
-1.829839766237209915e+02
-1.977528817649760242e+02
-1.953658829936288726e+02
-1.007723318854057482e+02
-1.592533904115253449e+02
-9.944272368515386518e+01
-2.019754958997195899e+02
-2.358862734924119593e+02
-1.374289062242455373e+02
-1.664611825438937558e+02
-5.187426539430128258e+01
-4.544584169018887820e+01
-7.406644558162561509e+01
-7.659668014284206095e+01
-8.381964987963650060e+01
-7.818009885490570809e+01
-1.103456828395807605e+02
-6.865127686518007977e+01
-1.114718415111829586e+02
-7.860743824717972927e+01
-5.802923386309481657e+01
-6.537262478826322365e+01
-1.169739366157181166e+02
-8.023094060741829026e+01
-1.247335747107702275e+02
-1.183841895689876083e+02
-1.375563157774607532e+02
-7.344311195291223271e+01
-1.372874143542691172e+02
-1.431665333445746739e+02
-1.171496864746173259e+02
-2.780782175286993834e+02
-1.718766990911918811e+02
-1.305041992559119421e+02
-1.047278409945834596e+02
-9.614178658219437068e+01
-6.987866792333944943e+01
-1.281066142808150516e+02
-1.073545539146438585e+02
-9.097729704113216087e+01
-1.710381773991497880e+02
-1.473485856143448416e+02
-1.183558678960762762e+02
-1.086075948260714341e+02
-1.459527808664754787e+02
-1.203423796155600058e+02
-1.890535696268565005e+02
-5.922921013571946247e+01
-4.253879140115659396e+01
-6.040546502641703341e+01
-1.269504759733709278e+02
-1.244320996749945039e+02
-1.813466183857722456e+02
-1.322664474663116323e+02
-7.650021441731354344e+01
-1.360452291461339485e+02
-1.149836831336843517e+02
-1.472259581983454666e+02
-2.776330849760485648e+02
-1.297097750305153738e+02
-1.242092274898080575e+02
-6.828573969802353361e+01
-9.527709722131565684e+01
-1.245792543214586061e+02
-2.574937276711490313e+02
-1.971134756251707643e+02
-1.285260750190105909e+02
-2.642120301914491165e+02
-2.732687912137111539e+02
-1.491394375371905028e+02
-1.232355134427874646e+02
-1.426954086547561076e+02
-1.251198952539729987e+02
-1.595071626974516903e+02
-1.648611909287511139e+02
-9.596696557181559228e+01
-1.396966567773584700e+02
-1.198680796234891943e+02
-1.121374957360536655e+02
-2.125857830571273155e+02
-1.101269231820334511e+02
-1.430791677972534330e+02
-8.763791493865808491e+01
-1.216104514852422653e+02
-2.986204890656581483e+02
-1.167904566935286255e+02
-9.586267014753850901e+01
-9.711232378119699149e+01
-2.465008279090703809e+02
-8.804816026641026383e+01
-8.142502102490752236e+01
-2.057028939216525316e+02
-8.533017103141092718e+01
-7.920511150038765891e+01
-1.256180207763349586e+02
-1.363826777201855407e+02
-1.161349603153728935e+02
-7.516579912870970759e+01
-1.185228854441995594e+02
-1.670200123387899112e+02
-1.292887959203252706e+02
-1.323891012272957823e+02
-7.154093033467817975e+01
-2.862305976857080054e+02
-8.822313264400825972e+01
-3.218983323138171215e+01
-1.565341763521897747e+02
-1.259903830314980837e+02
-2.316391824641736434e+02
-2.243217209604079301e+02
-8.882697040228467245e+01
-1.612587075485347725e+02
-1.092017590293776408e+02
-1.109681011274277722e+02
-9.951810274559022673e+01
-9.413476948518220411e+01
-1.326898944216794689e+02
-2.174017809568514394e+02
-1.697220460439967553e+02
-1.458497461236992478e+02
-7.006436753113490568e+01
-1.726849700909033629e+02
-2.201520807337696510e+02
-1.650663336284018214e+02
-4.113974339516903456e+01
-8.410436114142574127e+01
-4.884431614998633542e+00
-9.704369883000893537e+01
-9.179388688811187080e+01
-4.306258465788517498e+01
-6.278317194041042626e+01
-4.106076978846675729e+01
-6.368060878879508380e+01
-2.476494999377885620e+01
-1.958051286573273231e+01
-3.222699878226124071e+01
-9.994838721254636482e+01
-8.208853070945846753e+01
-7.666260491934471588e+01
-5.708224780660324882e+01
-6.148540327266354666e+01
-5.307702603836000321e+01
-3.472146509504047884e+01
-5.047832834547338621e+01
-2.399922570773488673e+01
-9.906432274992043574e+01
-9.034924839416775910e+01
-7.286496184096301931e+01
-7.210965357220065641e+01
-8.111301508178910069e+01
-7.123422130604407698e+01
-5.521639551340325625e+01
-6.448654082257448295e+01
-4.387549791026744117e+01
-3.597374181897168910e+01
-5.859767218583176884e+01
-1.099688671132308997e+02
-6.671889770461652347e+01
-1.118229490503761951e+02
-1.094485870398437442e+02
-1.159363824236909295e+02
-4.936795832678171791e+01
-7.584846323529069423e+01
-1.632984324448487428e+02
-8.461108533335024617e+01
-8.950031775986381888e+01
-6.758996737633302132e+01
-4.996942791207774803e+01
-8.928348920573235148e+01
-9.335259658623064638e+01
-1.254567350450907952e+02
-9.711293345402748400e+01
-1.013492990919473584e+02
-6.825535773466732792e+01
-1.171141692038931978e+02
-2.167814882456131045e+02
-2.045393931881898766e+02
-8.396331709351181871e+01
-1.294031631676802192e+02
-1.035376678348028321e+02
-2.840674380250517927e+01
-8.881052445252839789e+01
-7.229781062878365105e+01
-1.274411787770589228e+02
-1.299190616154903921e+02
-9.276119325824437567e+01
-9.493015431766561107e+01
-1.152452030604769391e+02
-1.554464642068182911e+02
-7.634118619452195276e+01
-1.066371772918693637e+02
-6.096554553748009653e+01
-5.604597184681493616e+01
-1.369160791487774702e+02
-6.517923609148286346e+01
-4.757595145115117674e+01
-3.380405076529642372e+01
-6.600533365648512074e+01
-4.933220445700233370e+01
-3.510174290867925606e+01
-1.972797516694992055e+02
-8.883866749735210533e+01
-1.721489747438692177e+02
-6.587518105231924892e+01
-2.927713266035549822e+01
-1.078385007945571772e+02
-8.355555243179139779e+01
-6.965784547482554956e+01
-7.611438902445456733e+01
-1.375703256415367264e+02
-6.861001108970818052e+01
-2.052861417313365564e+02
-9.898088156923098779e+01
-1.056813040572395579e+01
-4.932168431388087271e+01
-8.369579886251068501e+01
-1.190081570309068013e+02
-6.401455433086759683e+01
-2.128070440749191405e+01
-8.842893960733691472e+01
-1.430524950027564444e+02
-1.078657584141408563e+02
-6.290902302922093270e+01
-4.483278331150546592e+01
-1.053225472368224160e+02
-9.574579069778982898e+01
-7.589317347641311073e+01
-6.530299892102497950e+01
-7.004996055968517510e+01
-3.436665571435553801e+01
-4.438138073142265938e+01
-9.001658958271515587e+01
-1.181244967120607328e+02
-3.645340126336363795e+01
-9.584522071932703113e+01
-7.438546335947747501e+00
-3.416917385893948449e+02
-9.040554444192729022e+01
-2.557272772632969691e+02
-1.263050909754850579e+02
-2.830267558422048069e+02
-6.666811367407707678e+01
-2.841569817037488974e+02
-1.651192537686284822e+02
-6.245975298890368066e+01
-1.265802457910537129e+02
-5.401518987088290658e+01
-1.959098405073841604e+02
-4.358048296420302137e+01
-4.762398173687748937e+01
-1.344618594450609521e+02
-5.046260161350515006e+01
-1.222058182511029401e+02
-1.013639246291747753e+02
-1.786228637129633512e+02
-2.343700675936589732e+02
-9.516155048298753627e+01
-7.215662219005051270e+01
-9.109138239220659727e+01
-1.972558964257435719e+02
-2.375247726467648022e+02
-1.388277104707237584e+02
-6.555373116457141691e+01
-1.391242345566029996e+02
-3.013535838983898429e+02
-6.315740176367358849e+00
-1.054488915839324932e+02
-9.900761553517172331e+01
-1.123465827742981844e+02
-1.269206212649444296e+02
-1.209085438502666534e+02
-4.208265375042395817e+01
-8.239897653887818763e+01
-6.695127889312459502e+01
-1.324244816952731583e+02
-1.345403844547533083e+02
-8.058117018707636703e+01
-4.744713978051250791e+01
-2.014686685309300174e+02
-8.166143274328553048e+01
-8.484017753757078140e+01
-1.305798929110335109e+02
-1.607535852522650828e+02
-1.198079864699534198e+02
-1.206793304182405109e+02
-9.447315858129732646e+01
-9.661414860653169967e+01
-1.232059994565157268e+02
-2.070886600458242697e+02
-1.255260237811395854e+02
-4.600147106739447622e+01
1.052854557487574061e+00
-8.784827380318124312e+01
-7.987509859325729167e+01
-2.394309280807249696e-01
-1.930607507864325783e+02
-9.492810687063754926e+01
-1.224241530859266618e+02
-1.276257368009151492e+02
-4.891152732212847098e+01
-3.202558253435085334e+01
-6.592234060703394505e+01
-7.464885766667138967e+01
-6.578113214051090551e+01
-4.240797843708597270e+01
-3.248035801110238197e+01
-4.926016729178748932e+01
-5.616098591390428396e+01
-4.560048376907194267e+01
-9.887282466042559292e+01
-6.581693149788178232e+01
-1.498198339949982199e+02
-8.819425602641308615e+01
-5.646386912424068072e+01
-1.524574932267038321e+02
-2.472967329844604834e+01
