-2.309900767698293009e+02
-3.606847147246482450e+02
-3.063077548771117335e+02
-6.341868724680489322e+01
-4.606468519439478371e+01
-4.230813756987578245e+01
-1.761699442462844729e+02
-9.403130549494773049e+01
-5.858876476771761332e+01
1.943990365192012177e+02
1.999987705695615716e+02
2.549920871863658931e+02
-1.722287888492027719e+01
1.602951349307311659e+02
1.443084103010979504e+02
4.932650189817451292e-01
-5.875943369603078281e+00
2.533136581364959454e+02
2.024011873015812171e+02
-1.644763888059884493e+01
1.915095820760494689e+02
-1.822302092137838372e+02
-7.368205385276996822e+01
-7.857608023132172548e+01
2.017566094380114805e+02
-1.535243411555570106e+02
-2.482690526477068147e+02
1.636696832982378282e+02
-2.241978171876673400e+02
5.824278512781452832e+01
1.800635729517773029e+02
2.616658694652999202e+02
1.337244292618103145e+02
-5.558392500652083612e+01
2.428820783076589009e+02
1.996869061611467373e+02
-1.799305127344374000e+02
2.281322179355116759e+02
2.027432719787808537e+02
-4.371675843470224265e+01
2.156262198592229709e+02
2.102936499181381578e+02
1.563559926067550236e+02
2.170041185264571482e+02
2.015861684843416697e+02
2.317561009498337796e+02
2.325429275148476052e+02
2.211834439320903698e+02
1.949015373996396079e+02
2.074564454188311231e+02
2.493186234890637820e+02
2.824999334306738774e+02
1.495996021688487190e+02
2.264019459962065639e+02
2.170158084249848116e+02
-2.217434528443332908e+02
1.847497615738761283e+02
1.786506716784249420e+02
1.701352157505422440e+02
2.141686085791237701e+02
2.572742775534163684e+02
2.329891540030948534e+02
-2.523537466858311404e+02
2.231749350899155502e+02
2.399048525876887368e+02
1.828483425802972420e+02
2.311484964436654082e+02
2.464542030525622067e+02
2.337829276630664879e+02
2.539594047271519059e+02
2.513780594284811514e+02
2.223331868343900339e+02
2.479842654427178559e+02
2.274523904589621850e+02
2.195466067983489324e+02
3.801395056295440611e+01
-2.500278574605694928e+02
2.177119863516496707e+02
2.803032414763962379e+02
2.278567726533046311e+02
2.817183390672892074e+02
2.313112410459057458e+02
2.769584969882000109e+02
-2.851546573165546761e+01
-1.885083059668471037e+02
2.390494681404636310e+02
2.438367296685436827e+02
7.039299377933119217e+00
2.589279937175236910e+02
-1.930587154585256542e+02
2.579561315723406096e+02
2.775779157466687366e+02
2.433602605482610670e+02
2.126339645814449000e+02
-4.109034645009968756e+01
2.113813875845924883e+02
2.774905725307684179e+02
2.205103821657179992e+02
-2.040686640937135365e+01
2.333512071074954974e+02
1.793416416327284253e+02
2.374959009249002975e+02
-2.910254583336961218e+02
2.726729848293721261e+02
1.601607345866678429e+02
-9.131261110123514868e+01
2.421147025599786957e+02
-8.446799478172293618e+01
2.307574049891743471e+02
1.570689002778643157e+02
2.203513329465084212e+02
2.427286883297742861e+02
2.732771978777187201e+02
2.321816553203484546e+02
-1.505449049044145227e+01
2.295017941609541765e+02
3.635814584839596364e+01
2.119516953005320943e+02
-9.393242127514724871e-01
2.141993524396705766e+02
2.565807048772437042e+02
1.791268316367153943e+02
2.415151859538254939e+02
2.577317520877405173e+02
2.128410513441257024e+02
2.378959528920324829e+02
1.892151183524780436e+02
2.517161058812145598e+02
2.594911132612793381e+02
2.175028803627660352e+02
2.264361068592129129e+02
2.352131613452274337e+02
2.773285293401053195e+02
2.594868311664477005e+02
2.349767104908185615e+02
2.614947590690687207e+02
2.414982302007925057e+02
2.454958781686875398e+02
2.349886201016393272e+02
2.614809362822991261e+02
2.250418953784715086e+02
2.505786963631656761e+02
2.432852609212631023e+02
2.176743546557152342e+02
2.246316261956855271e+02
2.673284468848932534e+02
1.600904649479870727e+02
2.755841902827398826e+02
2.363005838811239130e+02
2.406001047609890975e+02
2.620447865434337018e+02
2.478097666722907206e+02
2.796461078145426882e+02
2.777638058015327829e+02
2.463018593869140886e+02
2.494229968339876962e+02
2.354770211590346491e+02
2.690957037557851663e+02
2.828295860266641171e+02
2.548749593402949358e+02
2.394956628102120817e+02
2.815935311091463973e+02
2.644718580189153272e+02
2.649264430961142125e+02
2.870905300603424166e+02
2.621324065273873316e+02
2.477191199665155921e+02
2.266684309778282795e+02
2.756948054297698150e+02
2.386536793942521228e+02
2.268944669259500984e+02
2.587814626399574536e+02
2.504130254369344186e+02
2.620225683647856840e+02
2.395112249766194168e+02
2.229320531407242072e+02
2.685327535594780102e+02
2.110867184212658287e+02
2.589723023830990201e+02
2.658942816282435615e+02
-6.219281562676121666e+01
2.674332398942622149e+02
2.494110953823474119e+02
2.755227562488809099e+02
2.516848216722954703e+02
2.746701622245045087e+02
2.503942389769379986e+02
2.573632034165456730e+02
2.717544763425630094e+02
2.232037728002607651e+02
2.405435049560974790e+02
2.426412229084260730e+02
2.648470867795668937e+02
2.595802614086658764e+02
2.811965236987197159e+02
2.694028336066453448e+02
2.488339731959791834e+02
2.567012635356388159e+02
2.719164707135188337e+02
2.297769562295267747e+02
2.844425850779225584e+02
2.589172183108370291e+02
1.422327299812533568e+02
2.364392317853241536e+02
2.458682080943646326e+02
2.405687831487636288e+02
1.974932025333907291e+02
2.551352128791909877e+02
2.640402662093920299e+02
2.906552367787739399e+02
6.090357287475711701e+01
2.125509492185651368e+02
2.391899841483212299e+02
2.380295243593893986e+02
2.445938531344695832e+02
2.760682286768688982e+02
2.496202464302614885e+02
2.195398776416238604e+02
2.309412557455819979e+02
2.068108874330344520e+02
2.509454937535814452e+02
2.581068050731947778e+02
2.491007627009170449e+02
2.554429018727148275e+02
2.451387231926575510e+02
2.125646936993959457e+02
2.570692858379577501e+02
2.578385693912944134e+02
2.471898745752216371e+02
2.546192131916596395e+02
2.369333861005639221e+02
2.465978549537757090e+02
2.228458398391279331e+02
2.358775812263048977e+02
1.929556049659895223e+02
-2.156503886014795626e+02
2.419854459465360321e+02
2.616794253686968545e+02
2.596616020954714941e+02
-2.126516621393681703e+02
2.094319306530847484e+02
2.405821003038462891e+02
2.471799094246295851e+02
2.656338610335216117e+02
2.538104455391878673e+02
2.200818753356174113e+02
1.512094204733872402e+02
2.592944306872049651e+02
2.236774287051630097e+02
2.637631041315817129e+02
1.826265742372025898e+02
2.744851206785504019e+02
2.590753967316587136e+02
2.375001220253783458e+02
2.739726497914395509e+02
1.908659327383606410e+02
2.766826634656369492e+02
2.378279665348392484e+02
2.620962751652616589e+02
2.587226250570138859e+02
-3.168976648147526021e+01
2.494984455453624435e+02
2.367466768863955906e+02
2.490829124530417005e+02
2.247994601231619072e+02
2.589111017205934786e+02
2.495039182912767615e+02
2.176358121410998478e+02
1.867669210275458056e+02
-3.286675132319912507e+01
2.455045319988617507e+02
2.547934651546588611e+02
2.684085092919535782e+02
2.358960653785184718e+02
2.425605279477742044e+02
2.913319403752598191e+02
2.812524504148979645e+02
2.534821885474061958e+02
2.646044652015858105e+02
2.639901390169951583e+02
1.719302847207736704e+02
2.379989720908779987e+02
2.684809402700817031e+02
2.390926039441471858e+02
2.432321947449326558e+02
2.475792055673805976e+02
2.291218894289496006e+02
2.416190507677331993e+02
2.604386780060499973e+02
2.424214556823054636e+02
2.121793682488255115e+02
2.471108352569525266e+02
2.578192395240045016e+02
2.894493875641177851e+02
2.442181218578731716e+02
2.316711811266110601e+02
2.370338042322710805e+02
2.180173856644625801e+02
2.598164180836803325e+02
2.179272942135879987e+02
2.913998531198213868e+02
8.843313251754257465e+01
2.227494708127142644e+02
2.240350818560419270e+02
2.746153258744220693e+02
2.320716106249762163e+02
2.971236479434685407e+02
2.389899469421531535e+02
2.577694229062610702e+02
2.233493867683033898e+02
-1.954595416536492394e+02
2.409581283768000901e+02
2.219205272954435486e+02
2.368807239980047257e+02
9.830325621722839458e+01
2.367702427165396841e+02
2.577108633490268517e+02
2.638192456107119028e+02
2.488999297718100365e+02
2.096292859883488973e+02
2.635369482693935197e+02
2.456054443056567038e+02
2.893108112442109814e+02
2.544452280539591129e+02
2.758823165131861970e+02
2.839365098618471848e+02
2.341875774267650456e+02
2.141550939712263357e+02
2.056108014988495825e+02
2.263438763701708751e+02
2.533604633718126706e+02
2.197810457971107212e+02
2.793807391676321004e+02
2.471932696541606163e+02
2.844225376453914578e+02
2.528687589796096518e+02
2.480285945846725895e+02
2.450964001778866646e+02
2.414231243464049896e+02
2.863429800861923695e+02
2.889464274183304724e+02
2.602180689101440976e+02
2.654876815800710688e+02
2.712146079344629470e+02
2.505607192936433307e+02
2.365053143903235764e+02
2.592464438330561620e+02
2.481839687186506467e+02
2.402683371478069319e+02
2.899290208750891793e+02
2.383679514700615698e+02
2.924041553168950713e+02
2.129729892072891744e+02
2.184715921612184957e+02
2.576655945825442586e+02
2.565240662820506259e+02
2.402211510356262920e+02
2.540595364991792451e+02
2.790499413961193795e+02
2.291264078504551094e+02
2.606036195109995788e+02
2.652573450042614240e+02
-2.233678309699287183e+02
2.763886126403183425e+02
2.536575932933743047e+02
2.737385977986605212e+02
2.194962836474703067e+02
2.528969011165150107e+02
2.863864108896568155e+02
2.412853729828529765e+02
2.523441530823481571e+02
2.760692680277304021e+02
2.857419794348578534e+02
2.449144318290579463e+02
2.443897589523928389e+02
2.845468393224147121e+02
2.852926222709670014e+02
2.389276445562551885e+02
2.566011992352654261e+02
2.620187234067734039e+02
2.642905778881904553e+02
2.516859879858309625e+02
2.273413537453876643e+02
2.172131891448419481e+02
2.652643809257277212e+02
2.687343342563606257e+02
2.688430124513968167e+02
2.662732063826067588e+02
2.449555814070932627e+02
2.713525258152275228e+02
2.630994547880501386e+02
2.506533154949070479e+02
2.915062639981184702e+02
2.180570373001507107e+02
5.434189069360326130e+01
2.377368483513468504e+02
2.733856172976539938e+02
2.042756134078528021e+02
2.502094142755492499e+02
2.639676671900376732e+02
2.117090437799341203e+02
2.590202873097865108e+02
2.576053703105576460e+02
3.110897210149391867e+02
2.446515642055698549e+02
2.607061283802510729e+02
2.290183620008213268e+02
2.435696835097078292e+02
2.537151457673334107e+02
2.790039030531807498e+02
2.416643859791604143e+02
2.408102852692499596e+02
2.925343558991322652e+02
2.904457563493944008e+02
2.759445918099324899e+02
2.863939902026422146e+02
2.919417420237008400e+02
-5.796549208260074693e+01
2.659334033396406767e+02
2.673359789144578826e+02
2.349826816378412673e+02
2.580073281804880025e+02
2.787094774390870953e+02
2.574574954240717943e+02
2.595025420184712175e+02
2.904479363489446655e+02
2.190075909182359055e+02
2.421355755035096990e+02
1.712389340197842102e+01
2.344485319183009437e+02
2.520915300438519751e+02
2.577205858193260042e+02
2.655535926563787825e+02
2.385393761937343982e+02
2.465096398508173365e+02
2.391804082816665300e+02
2.570493107868098832e+02
2.631221151122970809e+02
2.574477469941962795e+02
2.750862618703906719e+02
3.101914884442564357e+02
3.402723200411776361e+01
2.402279978962593248e+02
1.464693907278841607e+02
1.950340329326413098e+02
2.437432834724833128e+02
2.653641220306774926e+02
2.350621866016341812e+02
2.625214525105163830e+02
2.882043902960569994e+02
2.679202229734909224e+02
2.878002440992809170e+02
2.362992872032331206e+02
2.486793477968374475e+02
1.894541068371854351e+02
2.347681391697362869e+02
3.019392623035905672e+02
2.151131217072589834e+02
2.903350748867050015e+02
2.785275040060156471e+02
2.179502976517802892e+02
2.814125669005806571e+02
2.395128372323373753e+02
2.455904839312971433e+02
2.508093422169348514e+02
2.615745422117586827e+02
2.796877812226565538e+02
2.326185882491116956e+02
2.414417334691513872e+01
2.644280598756769791e+02
2.784747276849700484e+02
2.637196460048390918e+02
2.515376046690336125e+02
6.372197712759462718e+01
1.847174116655327794e+02
6.176435391230327809e+01
2.886863201721733390e+02
-9.466817818853337485e+01
2.732794044560565681e+02
2.383343495515001109e+02
4.699190726002726137e+00
2.617287351832623017e+02
2.171325161546362494e+02
2.382169805838598506e+02
4.447887791278205327e+00
2.878801310751897518e+02
2.357728809933132084e+02
2.247824704812496179e+02
2.882356652162173987e+02
2.964368956782067244e+02
3.035755184650101910e+02
2.426689063583180825e+02
2.806051455158448107e+02
-1.378873509092230165e+01
2.902480106722255186e+02
-8.881229854016922332e+00
1.356654716229111557e+01
-4.592600562608902237e+01
-8.909099432905937022e+01
-7.326694678911357528e+01
