-1.528707956990407126e+02
-4.823494868941159552e+02
-4.671027598818252500e+02
-1.527905091516701646e+02
-5.353020813225687107e+02
-4.171316073804017037e+02
-3.727463430525513104e+02
-1.957006180104061741e+02
-3.139254364377794104e+02
-2.420262960514457404e+02
-2.227805205353226370e+02
-3.081688014062240200e+02
-4.015001535784137445e+02
-2.165333894636293905e+02
-1.596649032304291609e+02
-2.101950511328494144e+02
-1.661007254799693840e+02
-2.214768271447039467e+02
-3.459448035513789250e+02
-1.810312742187597905e+02
-2.315441714119242818e+02
-1.899021120041095116e+02
-1.588011222998762833e+02
-3.298438171325143458e+02
-9.010866648342758367e+01
-3.323616313922096879e+02
-5.273084635016823540e+01
-1.269160707314161556e+02
-2.348125045037283485e+02
1.375411555405192132e+01
-1.205766009213628536e+02
-1.261841927381435084e+02
-8.293632519443244178e+01
-6.262290928251066191e+01
-9.412849429687591396e+01
-4.456463708393160772e+01
-6.955937902581401033e+01
-7.442311897748432159e+01
-1.014724952883457121e+02
-1.255512830136971587e+02
-5.903221587457102260e+01
-6.266290067502170302e+01
-2.488960273641001493e+02
-1.129867344018801418e+02
-1.216594983462245239e+01
-1.574875316863309536e+02
-1.407775457183466870e+02
-4.583706335495342898e+01
-5.088941623997934016e+01
-1.241439364523936462e+02
-8.753843603291147701e+01
-5.771118739061985536e+01
-8.754209233233461873e+01
-7.834208466889725742e+01
-9.021063572074017145e+01
-3.024121755543402514e+02
-1.013731702415009437e+02
-6.531563020585655011e+01
-2.562420358070205140e+01
-4.431856928033125342e+01
-8.772190922623633469e+01
3.865764941442614600e+01
-2.532955570957655311e+01
-4.462816072696811887e+01
-1.184426706468069312e+02
-1.643811279246027368e+02
-3.574936258740888775e+02
-3.374164971570408511e+01
-1.081502569363923953e+02
1.586977433695036268e+02
1.337088093463398764e+01
-3.782610250397984686e+01
-3.068128534145563791e+01
-8.955503497756365050e+01
-8.549861365247765832e+01
-2.011731246655973848e+01
-1.063401610996417332e+02
-3.347622994841155730e+01
-7.123795547498137637e+01
-8.815196489080786080e+01
-8.290295396993442978e+01
-8.503633250981421554e+01
-2.467301548052535907e+02
-1.590336807622792037e+02
-9.354781342496747243e+01
-2.453981858041093744e+02
-9.363886262546043326e+01
-4.667474496637382231e+00
-3.897928596607577134e+01
-8.853925447012828442e+01
-2.449822082325552941e+01
3.848176667239480153e+00
-1.091100219643875135e+02
-2.461504649542592915e+02
-2.519490920926517390e+02
-4.876654848961015176e+01
-5.757284114349446469e+01
-3.900769066189816670e+01
-7.146708941099022638e+01
-3.810443607321617243e+00
-5.412948009030433383e+00
-5.664211390513623101e+00
1.307113266392576634e+00
1.130926804930630780e+01
-2.529776034383712613e+02
-9.033772997610836342e+01
-1.588448883124994779e+02
-5.346375128483706618e+01
-1.332958452159876472e+01
-1.853630977972368612e+02
-2.170552810254383758e+01
-5.794185990879045534e+01
-5.689412533808430794e+01
-2.360593077859384437e+01
-4.412100827818233739e+01
-1.662890547826070815e+02
-9.703797378750597602e+01
-3.572616094921792040e+01
-3.937698309023856780e+01
2.698611880010664432e+00
-5.966634732016862586e+01
-7.469911889882793332e+01
-5.001433250438712719e+01
-2.184056831564077683e+01
-1.363186754795977329e+01
-2.620063910022318510e+01
-2.260394639390835181e+01
-8.646010011255222594e+01
-9.995360975072566134e+01
-8.315727439059612891e+01
-4.050823369498522197e+01
-1.178411242484095141e+02
-1.087583766930566327e+02
-4.284179359142268595e+01
-2.070596383703531274e+02
-9.691449286152545994e+01
-1.313694530880030129e+02
-1.052325670258926316e+01
2.404354876933388141e+01
-3.021736710862476016e+01
-1.367269792775813073e+02
-2.118198602570185471e+02
-1.701149535707399707e+02
-1.866709162855982527e+02
-9.774559042658368924e+01
-1.041791667244609698e+02
-4.357526328812779326e+01
-1.275958026172021533e+02
-1.092324343492834089e+02
-8.971490312693907754e+01
-6.704290054879588467e+01
-9.573407023220464396e+01
-6.735305137027165756e+01
-5.666646358841435216e+01
-2.795480867346030607e+01
-6.325233328735849625e+01
-5.559960558182060595e+02
1.699753288155853852e+02
1.784684934369410030e+02
3.526763976334682127e+01
1.656607837360002122e+02
2.128097474365911808e+02
1.677121343244599245e+02
1.075837456334828488e+02
7.726165222949048506e+00
-5.823301088024815897e+01
-7.429769807468953502e+01
-4.546524498253177882e+01
2.047845562082060837e+02
-9.991066413088745435e+00
-3.319291991524549701e+01
1.834251082188630448e+02
2.204797995708745475e+02
-2.746272110643717212e+01
-1.328355006046189715e+02
1.871692370457919026e+02
1.022565501418637268e+01
-3.265610516262657370e+01
4.833053201898293594e+01
-1.362621904166439037e+02
-3.158813750774380935e+01
-9.792579117644366704e+01
2.417052553776195793e+02
1.966781145021361681e+02
-8.120206772238711324e+01
-4.320223794304646248e+01
1.836689753240947880e+02
-6.576443589211010021e+01
2.350015763147498262e+02
6.541129034842128931e+01
-1.497387911422236506e+01
-4.228481562382143011e+01
-5.802542306221359070e+01
1.613870860685429420e+02
1.187251181129497013e+02
-3.825496452594602914e+01
4.082038385228015187e+01
-1.741456661197429696e+02
2.222242380545025071e+02
1.669039752021539584e+02
2.036413789995417005e+02
-4.433432978584467321e+01
2.526326596647148222e+02
-8.744198553767762405e+01
-2.463851274925333144e+02
2.143644897436172982e+02
2.348696963798441004e+02
5.103640134651936933e+01
2.461089506699755702e+01
2.015370823079969398e+02
-4.397321697009138575e+01
4.873038081375682395e-01
2.550582656979915157e+02
-7.476432402764291396e+01
1.718352628340197157e+02
1.657772469067908219e+02
-1.585654541475369683e+02
2.531396809521427826e+02
1.643229070609824305e+02
-9.759266306833183080e-01
1.281933740449286745e+02
1.998624683423205397e+02
7.912291430637263545e+01
-2.638236428394775146e+01
-1.272864031642373988e+02
1.636013386933074401e+02
2.547292660321520543e+02
-1.049264167465500464e+02
2.668830390647575541e+02
2.127613660210456601e+02
1.760016746106502978e+02
2.385124754588176472e+02
2.502191416697954196e+01
2.196315914220160153e+02
4.865547284320825838e+00
-6.097825626957971679e+01
-1.283828966536456164e+02
1.948060728779429098e+02
1.380382368414578593e+02
-1.412071720920462781e+01
1.979201831138176431e+02
-5.094889423213378876e+01
-6.084833963697199266e+01
2.258985093731588734e+02
2.414925802384149449e+02
-1.915291277243346002e+01
1.971148332858735728e+02
2.340678987507358499e+02
6.268950401451856891e+01
-8.833551977304549041e+01
1.937607571426387949e+02
1.417487698262466438e+02
2.897491850491788909e+02
1.990191644257459984e+02
2.225972938058060038e+02
1.834593677157337197e+02
2.264379726632767245e+02
2.491006486067319088e+02
2.221325366219028297e+02
1.546036920285302187e+02
1.803772144070721026e+02
1.777349512807541032e+02
2.627691804278653080e+02
2.181667894202669231e+02
8.491617452590375592e+00
2.519212497059965585e+02
3.734581329788278481e+01
2.415749376882484967e+02
2.761711913152114448e+02
2.346190216139943914e+02
2.317945084056788119e+02
2.237640333546492002e+02
1.792181518248471548e+02
2.625089208319712384e+02
-3.088516081842710150e+02
1.908143964343976506e+01
1.836037773999374565e+02
1.741711627647055423e+02
1.759376262103873501e+02
1.609865019213373216e+02
2.115739485346148854e+02
2.643449526973651018e+02
-1.998350890015906884e+02
-9.766055528292430665e+01
2.268962609643910469e+02
2.343873890946447034e+02
2.637116603075837702e+02
1.972076281136600926e+02
2.383846388837619088e+02
2.181981884689742799e+02
2.693314932039500036e+02
2.050967025518451692e+02
-3.779125236282765172e+02
2.725109223037333663e+02
1.051268568337225418e+02
2.527207392611655337e+02
2.520327062869853023e+02
1.587583202086358654e+02
2.587549383577356821e+02
1.947092061288828404e+02
2.281115601497369028e+02
2.159030203433341057e+02
2.763187983519283080e+02
2.206211063603862499e+02
8.526690360571187455e+01
-1.704171020923491255e+02
-2.083994034952644938e+02
2.080688836916576747e+02
2.704339980942664283e+02
2.849848098093791577e+02
2.339286553825137673e+02
2.290158809894107605e+02
2.763143641716013690e+02
2.097292802269919036e+02
1.962013118356949519e+02
1.756496350281224181e+02
2.129198527210388647e+02
2.740131999445100064e+02
1.618746301765648923e+02
2.135490571931815964e+02
2.951730682429708850e+02
2.500738783292478615e+02
2.394337115136957550e+02
2.447639966342183868e+02
3.110295681757732211e+01
2.386267829255656920e+02
1.440836635615124237e+02
1.293473507790563417e+02
2.475667149109849845e+02
1.257440078782260571e+02
1.493260304961757612e+01
-4.738531092190322624e+01
2.280999236084098243e+02
2.435356568076944086e+02
2.412633396728307673e+02
2.665513497751925343e+02
2.585298802007881704e+02
2.885048578007388187e+02
2.405431853375377500e+02
2.704409755168316565e+02
2.140628588020940128e+02
2.525975876226141565e+02
2.670671361525935481e+02
2.610987432553206986e+02
2.744141703898715150e+02
2.748174732227089407e+02
2.522729683147791206e+02
2.185474552808036037e+02
2.979032511515374608e+02
2.578111123445182784e+02
2.675798956877380874e+02
2.656177743293067692e+02
2.309832445657018525e+02
-8.857166751594598963e+01
2.531858982685088222e+02
2.134385813747388454e+02
2.500043199557863147e+02
2.087450835693285569e+02
2.804135392135380016e+02
-1.175552524059254580e+02
1.352152174044884987e+02
6.271432568942742591e+00
2.402776823775891160e+02
2.708399071509655869e+02
-2.020636652194269800e+01
1.960831106201744092e+02
2.517274121648365792e+02
-2.294395318379267508e+02
1.987490876914546334e+02
2.561508480417636520e+02
5.519048926791123222e+01
2.805623180236053145e+02
2.413770062327729136e+02
3.675479250300222134e+01
3.014503666609862194e+02
6.067053788421978311e+01
4.685729784157871336e+01
2.310697581979635231e+02
2.783059394977585157e+02
2.877215883706528530e+02
2.399679695627812350e+02
2.390470121714398601e+02
2.242590739484083429e+02
2.732770208185554566e+02
2.418098778002120071e+02
1.794761197725405566e+01
2.701930291111503948e+02
2.787430746128173951e+02
2.431385108629872889e+02
2.057198214657135225e+02
-1.297419483847064612e+02
2.563221281351787297e+02
-5.468627471864976997e+00
2.319200551102889563e+02
1.629550283614070736e+02
2.456300535788972752e+02
2.919805323949202602e+02
2.364302052896317150e+02
2.448239440056876788e+02
2.426159700524886489e+02
-5.205259070705464808e+01
1.813315646701838091e+00
2.542273853228361418e+02
2.754833991334307370e+02
2.105172965896554160e+02
2.398232881770244944e+02
2.434304935816768989e+02
2.678255129377748744e+02
2.632725681986921700e+02
2.457143073076272231e+02
2.887363094916039472e+02
2.792169900661336897e+02
-4.331826481068034695e+00
-5.937317876501211344e+00
2.366026450560632384e+02
5.226191764267991857e+01
2.222646971491685690e+02
2.122139160411828129e+02
2.377897199222450126e+02
2.135455011973154456e+02
2.354873604752767449e+02
2.396267388198777155e+02
2.241996146066800293e+02
2.629985184722975191e+02
1.877214357861383291e+02
-1.243702515898847025e+02
2.270681974378251766e+02
2.574829900468821506e+02
2.512353908418161268e+02
2.372881503698710901e+02
2.376156641167698353e+02
2.334552534416546052e+02
2.649943569315410059e+02
2.772278961010403009e+02
2.424033817186475801e+02
2.138865483588695895e+02
2.430081211429643702e+02
2.468619291432836462e+02
2.615100609602635586e+02
2.847534659413377085e+02
2.734974167634271680e+02
2.592126042909789021e+02
2.714520865670614853e+02
2.461786066604487928e+02
2.544783132626152167e+02
2.240273405511299529e+02
2.850617271451394572e+02
2.620525715150152450e+02
3.049798295467919615e+02
5.588145958331662655e+01
2.471429068357965093e+02
2.829080168164313136e+02
2.540659585395812314e+02
2.556580415797453725e+02
2.419645183974967324e+02
2.605452167765195099e+02
2.177144929764393169e+02
2.319590496706100282e+02
-3.575408123197085501e+02
2.857797883812204986e+01
-6.204595843205851224e-01
2.885047995110292618e+02
-3.338335353916252188e+02
2.241088948719048801e+02
2.279232105117344531e+02
2.434113333184169505e+02
2.813015496436976264e+02
-4.939580031828226652e+02
-3.924015490272888655e+02
-2.360696383388873301e+02
1.849873256484577837e+02
2.108240290471101730e+02
-4.631129677946823335e+02
-4.412445139954367619e+02
-2.494638717248874968e+02
-2.167882607961817598e+01
-7.110950720240183500e+02
-2.211683087050913628e+02
-2.296738955513121994e+02
-5.163618664875535842e+02
-1.075099750008213505e+03
-5.602310114877288925e+02
-9.101389923303710248e+02
-2.423319564375479729e+02
-3.033835027356545879e+02
1.937944684270500204e+02
-4.945818650050421184e+01
2.541748759910013007e+02
2.464372988803386590e+02
2.440553860697322648e+02
1.629498585834893447e+02
2.696348323940293312e+02
2.682409407987136092e+02
2.388880146821664709e+02
2.353408754710729056e+02
2.363119028279743645e+02
2.369007709171131353e+02
2.388841497837962322e+02
2.278948543489267990e+02
6.598403574505645963e+01
