-9.076678402984541094e+01
-2.085891668548017037e+02
-5.867829485979785886e+02
-3.337822633419211229e+02
-3.116614487035451475e+02
-3.198050353318934640e+02
-5.943756015168627300e+02
-6.709782749628947158e+02
-5.103381363139769178e+02
-1.954612984888059941e+02
-1.776050921941338174e+02
-1.956632151307261438e+02
-1.801026387824749975e+02
-9.957976210501641390e+01
-1.590441044713813312e+02
-5.772622070580305831e+01
-1.569222878150492022e+02
-4.569221075420316680e+01
1.071468128199200009e-01
-5.339881183968942935e+01
-5.588465892563047532e+01
-1.790432572716169659e+02
-1.028900124510599596e+02
-8.119160488108235540e+01
-1.821318480855679809e+02
-1.529146564827405541e+02
-2.513515024185464597e+01
-2.763876303434414012e+02
-2.186295969474878689e+02
-2.610457414322661407e+02
-2.669143576464493890e+02
-1.913145315129719961e+02
-1.364373075952736940e+02
-8.020571945375534995e+01
-3.518659925125766819e+01
-1.199241500228180968e+02
-1.485894564316761546e+01
-2.218112140795082041e+02
-2.278816986438350796e+02
-3.297238877546711819e+02
-1.746286208510177858e+02
-4.133463254947644714e+02
-6.098718124387573880e+02
-2.201168998151152891e+02
-1.025429681010599978e+02
-7.154209607924298098e+01
-2.705724079881638318e+02
-2.590278806461975023e+02
-1.171001268037517207e+02
-8.006147626268095507e+01
-2.174871604182146712e+02
-9.322822608736495908e+01
-1.056365424771992849e+02
2.056510300150839612e+02
-2.783083767342351393e+02
1.748173705346052600e+02
-7.234114091142367897e+01
-5.097889336415787653e+01
-1.808889446016594604e+01
-4.794470714169253966e+00
-2.570520415551724227e+02
-5.777303446213143445e+01
-1.749818967042915574e+01
-6.369661208980775591e+00
-5.567808466621245600e+01
-4.547080292907047294e+01
-6.748496149307632663e+01
-4.359769419539992441e+01
-3.459089338316024964e+01
-5.847177893106253066e+01
-2.171158802504397727e+02
-1.977304361409518307e+01
-1.698413479955548269e+02
-2.299876994014245213e+02
-5.832964655235522144e+01
-2.146436332425024034e+02
-2.022899351930430782e+02
-8.727385321449490618e+01
-1.849014818139345095e+02
-1.160465045042398629e+02
-5.338304072747200735e+01
-1.813365293088788803e+02
-8.116960380767578442e+01
-7.505185220072846164e+01
-8.987604560632105688e+01
-8.910697043774202086e+01
-1.219204019473975649e+02
-5.999813359760462106e+01
-8.134927089337197970e+01
-1.488730225149525950e+02
2.427364976827331589e+02
-8.484024812199197640e+01
-6.013032270743783414e+01
-7.066596958448388932e+01
-1.158538528626403377e+02
-1.646715943171930121e+02
1.869101707458737849e+02
3.286579614453720666e+01
1.140218031264965930e+02
-2.929914579044912415e+01
2.335322272192353807e+02
-1.127433206504824170e+02
1.147190980625533996e+01
-1.742401732614561105e+00
-1.113238874160779517e+02
-1.342090149808820598e+01
1.219793735978869904e+02
4.747805537331913683e+01
-2.132315491259526752e+01
1.395577433984190918e+02
1.511251198640981954e+02
2.304812753010542110e+02
1.893385568376495769e+02
1.974260569498451048e+02
2.018732132920712274e+02
-5.525315796087966191e-01
1.785019903089466311e+02
-2.497276186515256313e+01
1.567780316339936064e+01
1.694982167623203679e+02
-6.493421166246949383e+01
2.053428188387390776e+02
1.837607768440734901e+02
1.347182094680885029e+02
1.397085993746988493e+02
1.265937188594163842e+01
1.266126117993911748e+01
-8.041149927698388922e+01
6.117839454227723195e+01
-1.263151157535791071e+02
1.785214226741652510e+01
3.733068133962106572e+01
1.502915682235936856e+00
-3.466822042989765862e+01
1.535752272861503798e+02
-4.677178540275406959e+01
-9.456445459939078546e+01
-2.210123460567416487e+01
1.896902525779736095e+02
1.799031682237702512e+02
2.212895323340098912e+02
-1.642366476501697150e+02
2.128888126061200694e+02
1.418834865934587413e+02
2.178596334159905439e+02
3.174015943522219629e+01
1.177045082759381955e+02
1.663310880068920596e+02
1.739801235025601613e+02
1.604046022597728438e+02
2.129394957116983562e+02
1.683304238385364897e+02
-7.467049764317749805e+02
1.528445890175786985e+02
1.797725442107192748e+02
-5.496983668321547611e+00
1.247731643905953689e+02
2.464086243222049859e+02
2.581744557402457758e+02
7.957549095698890085e+01
2.298328050927453319e+02
-1.672411614103273791e+02
1.206716611476464891e+02
2.121498417653812965e+02
2.506082142713227938e+02
2.276023867061017540e+02
1.544175247449665278e+01
-2.257826478813325366e+01
1.391935836953038574e+02
-3.485331057885866812e+01
-1.390789580468625104e+02
-6.775730503126909809e+01
2.148545169838196216e+02
2.256375071283379157e+02
2.199296155371198438e+02
-2.369733037970763689e+01
1.648331426674454008e+02
1.413723426078214800e+02
2.050925637366813703e+02
2.190081264774991041e+02
2.262383532615572790e+02
2.244388008754153248e+02
2.382889004809889286e+02
2.263023612027238300e+02
2.435824061308305772e+02
1.713806901476730786e+02
2.111811126331154753e+02
1.828518811970219247e+02
2.353027541197748462e+02
-1.398400788163363018e+02
-2.984749151488103536e+01
2.680240882003477623e+02
1.112021449368068886e+02
2.410385887338305793e+02
2.216850158285204202e+02
1.254978945074656735e+02
2.121123437980276094e+02
-6.997956112759345615e+01
-5.553921691624371704e+01
1.175441633961251497e+01
-2.717510648443195009e+02
2.097266207528526820e+02
2.473061989302063068e+02
1.558634338583387660e+02
-4.210812932492537186e+01
7.303774308755981792e+01
2.370226616214370665e+02
1.580099610172203484e+02
-9.422951400178916970e+00
1.497206788836725195e+02
2.359150350391810775e+02
-7.010813460218189164e+01
2.321359046172719616e+02
-1.157499895135511707e+02
-5.283229193705111015e+01
2.528724085852226722e+02
2.137526870911850096e+02
2.313770660432502950e+02
2.155126099390189154e+02
1.053073031689889234e+02
2.386285724183084938e+02
1.589535914774707805e+02
-1.048561847397974844e+02
-1.585936870389084845e+02
5.506791973208827073e+01
2.238069295403990964e+02
-7.151904895501117210e+01
1.956052298162101408e+02
1.061790336128132282e+02
-6.150187006635776754e+01
2.186172617088194272e+02
1.874377246766422616e+02
2.509414096984402249e+02
2.158552201269493480e+02
1.637657905757511969e+02
1.952863953204097527e+02
-8.591811654316013902e-01
1.663058615640974267e+02
2.297302556113604339e+02
2.064291398730100866e+02
1.281872050913571002e+02
2.467653080835913215e+02
2.426317623495183966e+02
2.722967928248202725e+02
1.773696519453172300e+02
1.029488050686542806e+02
1.469354166084212352e+02
2.034498568064972801e+02
1.308418380219694086e+02
2.593566094250851393e+02
2.750629527839199682e+02
1.957203745036860596e+02
2.097212353898509605e+02
2.071040323222180177e+02
2.127971952822230719e+02
2.771754058774286023e+02
1.922052210548108349e+02
2.276933561204224929e+02
2.511269618044989613e+02
2.417715676867903198e+02
1.865105576150892830e+02
1.938799704585745189e+02
2.695824688038264867e+02
-3.550306621864203862e+02
1.993561631062309516e+02
1.817004177483989338e+02
2.608989986699438077e+02
2.585334815082987916e+02
2.163738746110446414e+02
2.411235394530613121e+02
2.303543134122469951e+02
1.177339137452416651e+02
2.086743291839219978e+02
2.118281556895432516e+02
1.990697781381762184e+02
2.296184322574841872e+02
2.033104648432478427e+02
2.391349366704020554e+02
1.731579114259377548e+02
1.211152125613167811e+02
2.828850253854657240e+02
2.813113790077777594e+02
2.311132243118048848e+02
2.466903077516512042e+02
2.147938781753283024e+02
2.581117720121397952e+02
2.069701620836898428e+02
2.430014715718989464e+02
2.153846723754036532e+02
2.707680073329057677e+02
2.408647140172331547e+02
2.792954447603113408e+02
2.400751770052585812e+02
2.241549944669571346e+02
1.786195150634489437e+02
2.101145538904809769e+02
2.219009377471377888e+02
2.332488320037027449e+02
2.344529364091093271e+02
1.264209749089288835e+02
2.579376837373778244e+02
1.973420365325208934e+02
2.311442262912485717e+02
2.200016742877897400e+02
-7.775280146956632166e+01
2.891930362056165222e+02
2.607399909195369219e+02
2.294899563720445030e+02
2.050979329358444261e+02
2.442443747670728840e+02
2.719657567498938988e+02
2.369749399920072221e+02
2.672335778243576669e+02
2.490423375602152589e+02
2.727777602608168763e+02
2.444998314866111855e+02
2.624112325505910803e+02
2.377450988886134837e+02
2.106408566113809968e+02
-2.263347300545721907e+02
2.469492054806737258e+02
1.687065304892535664e+02
2.910544571551898798e+02
2.383403091694866305e+02
2.452788330580690115e+02
2.149051280382751088e+02
2.529364080661653418e+02
1.875405615549246363e+02
2.604344285855413546e+02
2.189033505884546003e+02
2.439750376766758961e+02
2.186322605824610719e+02
2.277193302893614373e+02
2.825389496378310241e+02
2.162030706111430334e+02
2.167055335222675581e+02
2.608781184242010909e+02
2.802569522257647350e+02
-3.610064664621994268e+01
2.552253362703818880e+02
2.096350543214818458e+02
2.745633192761898727e+02
2.346212488847440909e+02
2.431508442004382005e+02
2.245866812554484113e+02
2.374300013418576043e+02
2.816628223953350698e+02
2.783272867837515605e+02
2.341074504019483413e+02
2.757265041693901821e+02
2.435611056164517834e+02
2.457603989549059236e+02
3.499521756506695169e+01
2.076415888661177291e+02
2.469675698397644510e+02
2.467962018093987808e+02
2.631725486888042838e+02
2.250720088797121434e+02
2.363152059077622766e+02
2.461677900535004824e+02
2.458727032223122535e+02
2.565831526775333487e+02
1.710512761648068647e+02
1.967611746735619249e+02
2.813976026315900754e+02
2.740743858031017908e+02
-4.417367554609025433e+02
2.196002482661617705e+02
2.410477952534902784e+02
1.712039290092695012e+02
2.274934480046948124e+02
2.682633167883838610e+02
2.682221351898881494e+02
2.064162168900848542e+02
2.876757269339739196e+02
2.839604484267456428e+02
2.460303072014752388e+02
-4.577391486271255872e+01
1.916819486103710517e+02
2.263991138665647327e+02
2.658960704750012383e+02
1.846594725362180327e+02
2.997805876116210584e+02
2.359707108398845605e+02
1.223739464012170401e+02
2.253974755620392898e+02
2.743756077251950956e+02
2.187666681971646767e+02
2.604235347959112232e+02
2.704148342536016685e+02
2.831351714190939219e+02
2.171756023379735154e+02
2.008168669197029033e+02
1.733137813116966015e+02
4.063224395026290381e+01
2.361031033477153187e+02
2.618632984452600567e+02
2.745761575810628301e+02
2.158967715536021785e+02
1.735183411628298131e+02
1.655077360225667178e+02
2.991314394033055919e+02
1.874337374242397800e+02
2.167891609927209799e+02
2.697107865831114850e+02
-1.911460657246315975e+01
1.742790448650820849e+02
2.410641031372542216e+02
2.376590432908865864e+02
2.435210032819865091e+02
1.899032952409454538e+02
2.324793977110257970e+02
-1.003869813156983497e+02
2.392360660936141130e+02
1.892136973784797078e+02
2.502346134871038714e+02
2.932391255903359024e+02
2.046815356162685760e+02
1.828956867181511825e+02
2.391469504400124890e+02
2.093527046689231668e+02
2.847399146239507672e+02
2.527704491372845155e+02
2.281702888629128836e+02
2.591197443009697849e+02
2.714522930088685371e+02
2.157430859653769346e+02
2.477335378474255378e+02
2.544852897757308199e+02
2.214717632252116459e+02
2.313589464305183014e+02
2.259270289608570010e+02
2.254009315138436023e+02
2.301622426555307186e+02
2.728633258564184416e+02
2.575411753302678335e+02
2.843899997346719601e+02
2.535724103097295767e+02
1.966678910320635794e+02
1.773174458010633430e+02
2.200012625485712476e+02
2.604764580960307967e+02
2.981994307288164237e+02
2.797500182974187055e+02
2.544001435195044394e+02
1.958576872189098026e+02
2.582721666584845934e+02
2.649284539160762506e+02
2.570865532741474908e+02
2.272726112786187969e+02
2.471645295787547525e+02
2.579023954972279284e+02
2.344753965205534030e+02
2.123132198944978768e+02
2.090273895325500746e+02
2.021568901624274872e+02
2.315879829996349315e+02
2.511868911239962756e+02
2.403321912824817161e+02
2.342783586850618462e+02
2.251102840601909634e+02
1.618907737020058732e+02
2.266450865910107098e+02
2.123387151140117339e+02
2.061884569743027669e+02
2.465221437108618261e+02
2.369069958670472147e+02
2.579255877884742745e+02
2.942561892019730294e+02
2.616654384358922698e+02
2.471636998743672109e+02
2.839495590122280078e+02
2.595205948201695492e+02
2.708462576457399109e+02
2.193133462521470847e+02
2.381336291300149242e+02
2.468850811251981270e+02
2.820452051515441099e+02
2.637100166514802595e+02
2.347118083350470101e+02
2.546276901136210711e+02
2.609144198769898253e+02
1.987525373642600641e+02
2.266059789648457468e+02
2.123393593376868296e+02
2.564971265110073091e+02
2.828311276980081175e+02
1.939824673952123817e+02
2.730744356519828671e+02
-1.218213366034611056e+01
2.790934976194424735e+02
2.556570931007126717e+02
2.758133912581331515e+02
2.484869762259079096e+02
2.457026658255564087e+02
2.928123414008809391e+02
1.781685664895871923e+02
2.685229262407887063e+02
2.169766771560858274e+02
2.047901203246971420e+02
