-2.865484209134070852e+02
-8.270805004018590978e+01
-3.496966193174587829e+02
-3.217243224768847654e+02
-3.443984204041466910e+02
-4.715892225189338092e+02
-1.483852333127048269e+02
-1.089445220320784244e+02
-2.213725583341769152e+02
-4.903773549350186727e+02
-1.507201905883339919e+02
-3.601769430733772879e+02
-1.885045444539440211e+02
-2.499268379694147200e+02
-1.870977851993013132e+02
-1.361739382291767129e+02
-3.125691316610792683e+02
-2.036346640722574364e+02
-1.602333673120185438e+02
-1.806078685677852889e+02
-1.798924595003647653e+02
-1.768525923666143171e+02
-1.884953321893272857e+02
-1.240668055458057353e+02
-1.995532448937072161e+02
-1.616857230316284983e+02
-1.511362694751489641e+02
-1.459599295981057026e+02
-1.928693755133440959e+02
-1.939275307962816441e+02
-1.677669411713186207e+02
-1.608425060736513785e+02
-2.702941509663349962e+02
-1.358970225950155850e+02
-1.382677507511667443e+02
-2.503074871545542806e+02
-2.715134700796221523e+02
-1.659553916975169159e+02
-9.375106230828990306e+01
-1.399812481407712710e+02
-1.176297065469086363e+02
-8.210093181162089593e+01
-8.960245005726656586e+01
-7.766854921971764725e+01
-7.125715116369198654e+01
-1.915412802861613102e+02
-9.988949691789053986e+01
-6.832669494355296536e+01
-1.172269804314526738e+02
-6.021758586390964041e+01
-9.178578062489573597e+01
-1.050916985446293950e+02
-7.809852005015090981e+01
-2.284032858394597554e+02
-6.709449460564111689e+01
-1.005261091623750360e+02
-2.576466482943435565e+01
-9.644867846254017252e+01
-1.137827972623555155e+02
-9.298695816392960012e+01
-9.303676136546096131e+01
-8.035154629494586231e+01
-1.291246400982390412e+02
-1.355916787426402834e+02
-4.994030701110872172e+01
-1.005951802614867461e+02
-9.745627139735192657e+01
-1.308696527855458385e+02
-1.353372045484143200e+02
-1.307218282678709897e+02
-1.242314768123192010e+02
-7.261562835421965190e+01
-9.564935568609098482e+01
-1.231361444712393620e+02
-7.346662133426603702e+01
-5.424750833135241379e+01
-1.129805897803942401e+02
-9.641922296346378118e+01
-9.421031201699487667e+01
-8.389075144565445896e+01
-1.180716796341670971e+02
-6.964987374978386470e+01
-7.266911821956330186e+01
5.121540912206575769e+01
-5.425831830801777755e+01
-1.220216791658761650e+02
-8.872768830910148097e+01
-9.213083827154541439e+01
-6.385715402562195209e+01
-1.003490017828640362e+02
-8.069657549498084848e+01
-9.300404286274670085e+01
-7.393975710965951009e+01
-2.903912266971817502e+01
-1.197232013935705197e+02
-1.255590128031635970e+02
-8.285635292660082030e+01
-1.303369781342049123e+02
-1.180916018589290246e+02
-4.127859201240237752e+01
-7.975959102198397943e+01
-1.508039775418525892e+02
-9.907770957390711430e+01
-1.859262155107628587e+02
-9.509555569319202561e+01
-1.551298822359478322e+02
-1.150277434892227006e+02
-1.432079110554530530e+02
-1.279184224830802634e+02
-1.417686125783473585e+02
-1.167573339034009621e+02
-1.148132111363623125e+02
-9.734092749655137311e+01
-1.014895542985514112e+02
-1.327194038304867263e+02
-1.139559119867755754e+02
-7.283436441560930064e+01
-1.210847088620109702e+02
-8.663708853978408797e+01
-9.988789326989784456e+01
-8.371048973858715669e+01
-9.507251006935133830e+01
-1.144473767335888965e+02
-1.590525416221229307e+02
-6.440639915065011678e+01
-1.057153352495997893e+02
-1.681689596885292701e+02
-1.018386785769129403e+02
-3.195728330771070205e+02
-1.007038856943833594e+02
-1.084616998972557411e+02
-1.477604057412589214e+02
-9.900729505187537427e+01
-1.073509888486164527e+02
-6.291496421416408680e+01
-6.657846157967706802e+01
-9.522986764793225234e+01
-5.494937206473589697e+01
-3.948065683756489364e+01
-9.608158144958214564e+01
-4.372851138578516128e+01
-4.746237509777483865e+01
-8.740010665685643332e+00
-7.486594578847611103e+01
-1.510636908792930058e+02
-1.675204536251877983e+02
-5.860061842065296389e+01
-9.683287295610908529e+01
-1.429628045289724980e+01
-5.332010769735640032e+00
-1.041163567418651184e+02
-5.434887855406683599e+01
-9.178057587675209561e+01
-8.458337295154294111e+01
-2.895407714375724240e+01
-5.405974548373755795e+01
-5.837722960614179613e+01
-4.729872755234251969e+01
-5.370366688986781867e+01
-9.443102527493181242e+01
-5.464460646547675537e+01
-1.081049155541330293e+02
-1.300688012971892249e+02
-2.282353524818200583e+02
-2.674296961207149934e+02
-1.570478091416806166e+01
-9.650243977510324100e+01
-8.470522361323850191e+01
-3.181563604790177990e+01
-3.416470735902058209e+01
-8.295814539654612929e+01
-4.697661889967605475e+01
-5.614349645273146905e+01
-2.561756678766113637e+01
-8.697557932163512362e+01
-6.455864396331274691e+01
-2.119801278829368130e+01
-8.397326064735527495e+01
-9.537488815845902934e+01
-4.623321776675261674e+01
-3.851819019139935563e+01
-1.623703807600625382e+01
-4.418048078902257458e+01
-2.647147001222645102e+01
-4.775899770377496623e+01
-1.224303744535554017e+02
-6.533076546299072618e+01
-8.397169439185023521e+01
-5.964817983393979972e+01
-7.161955589243416398e+01
-7.119893746225179143e+01
-2.422429107868769620e+02
-7.412134457217933914e+01
-5.124615228645316733e+01
-7.417588728017955191e+01
-2.580018171551243356e+01
-8.498166141879170254e+01
-7.869071485166418256e+01
-6.284166864513376538e+01
-3.818881366315342518e+01
-9.581400658944049553e+01
-4.633452391577696972e+01
-9.408863454226758449e+01
-3.991265460783247931e+01
-9.881498873174497533e+01
-2.844337915222910240e+01
-6.660824734847881246e+01
-2.672128756880883671e+01
-2.350245045270846944e+01
-4.826396940251694900e+01
-6.329454494442572354e+01
-5.746514388509135784e+01
-4.522345035555515125e+01
-7.236871003162114846e+01
-5.020258182230220712e+01
-3.677888978896369565e+01
-3.872090020415511535e+00
-8.415279251994047627e+01
-5.682811784518155207e+01
-4.629560377832568463e+01
-3.774039476053759756e+01
-6.700564712508119669e+01
-3.570308773735630581e+01
-4.083854396284231569e+01
-5.897029713701039810e+01
-5.165450063230465361e+01
-2.719739019844783101e+01
-7.190898854602880874e+01
-3.344004334929007172e+01
-6.920320607327539619e+01
-7.341110684892632321e+01
-7.942854761576501232e+01
-2.399197185803442522e+01
-2.472293887655904499e+01
-5.747454507804840773e+01
-6.470124317872534903e+01
-1.129234626135589394e+02
-7.082058943607896140e+01
-1.038495158732367258e+02
-6.130206429909012655e+01
-7.749748151180330069e+01
-7.657681442457497667e+01
-1.743552763561631380e+01
-2.954808717331530588e+01
-9.969485064979998867e+01
-1.452772673407264392e+02
-7.728450714294920942e+01
-4.700958068707307547e+01
-3.147510184756442086e+01
-1.400576930302444012e+01
-6.474398031314503044e+01
-5.691462887824584271e+01
-6.832851552243161564e+01
-6.962742458803879231e+01
7.477130351543021192e+00
1.784759453430337572e+01
-9.415683217259964977e+01
-2.666731266827494196e+01
-3.690081922540100123e+01
-3.520942672997947653e+01
-6.951985651672241318e+01
-2.282811465699583664e+02
-8.576572763839774893e+01
-3.413374002182092681e+01
-6.713028052054228567e+01
-2.128502844479210125e+02
-6.301136892286285729e+01
-7.398758853099020882e+01
-4.900261972208319605e+01
-3.246468504226341167e+01
-7.159048152581037527e+01
-4.171047724938145507e+01
-2.164108372435516969e+02
-1.872501989447490871e+02
-2.963952576077648260e+01
-4.937228308558356105e+01
-2.292747276758150221e+01
-5.403390759235301744e+01
-4.401902790816942357e+00
-4.464900130847045290e+01
-3.972845647935346847e+01
-6.053008812736442223e+01
-9.159659614717969589e+01
-3.566969974233637686e+01
-2.166898243656577350e+01
-3.233320896381660248e+01
-2.168661595844445742e+02
-2.565755342049898502e+01
-1.014100191893319760e+02
-9.980217214646100388e+01
-8.969667551872932165e+01
-1.147318463918640958e+02
-1.497104535936978777e+02
-5.299957064157997877e+01
-1.460566984259108025e+01
-6.864507409264027160e+01
-6.191785158452843518e+01
-5.468165028253238802e+01
-4.872881330167775360e+01
-8.650493677221292899e+01
-1.849238425468170419e+02
-4.119341977053192068e+02
-1.362075513198219880e+02
-2.885052752221724504e+01
-5.247917621757127904e+01
-5.398638571856392332e+01
-4.750640941499432301e+01
-2.997798809609496828e+01
-1.035869477669693879e+02
-2.163179650200697210e+02
-1.648618021511429106e+02
-2.948654176673271010e+01
-6.955500302603024920e+01
-8.038327218105109750e+01
-3.933050420886862497e+01
-3.232023469393533333e+01
-4.288987463586842352e+01
-5.030119643762035508e+01
-3.023703228619605454e+01
-8.235083496268703129e+01
2.120247150012029635e+01
-1.242514607407143785e+02
-1.369247692437444357e+02
-7.648627432679526272e+00
-1.752479602021109528e+01
-6.414564175271617330e+01
-5.644260802531621835e+01
-1.353440872029151265e+01
-1.268152638580107627e+00
-7.215388848593305227e+01
-1.786079515008388441e+01
-1.947371227617151845e+01
1.721418460990726729e+01
9.464942269182374801e-02
-2.060815651254295133e+01
-2.938428962500542596e+01
-2.166359301733447751e+01
-7.301601594539820894e+01
-1.059754796601286273e+02
-3.319024554698705742e+01
-1.156077451289934110e+01
-4.111412827920117863e+00
-5.833937685647321558e+01
-1.864529604329284496e+02
-1.641818413049645642e+02
-4.778336050090713627e+01
-8.696104604852446585e+01
-1.489214960331945861e+02
-1.181648259165995540e+02
-7.540622970745326370e+01
-5.287529366447236612e+01
-1.112245421614876193e+02
-5.753819271729153684e+01
-3.901895003515264904e+01
-1.229933397183285422e+02
-1.038651925425004094e+02
-1.022481349091432463e+02
-8.004747894536200192e+01
-4.106386062167611328e+01
-1.932920953011157650e+01
-4.308157266764661841e+01
-7.246216210144285697e+01
-5.272848521281310497e+01
-4.499174998523356095e+01
-8.104266531251177241e+01
-1.036503737563051608e+01
-2.615016257554690071e+01
-4.577154248221058452e+01
-7.160236404638548890e+01
-1.267064205560581769e+02
-6.955532024722482731e+01
-5.103926872427843620e+01
-6.531163044509736437e+01
-6.639810100981252106e+01
-6.574852852651511625e+01
-3.995232152763027500e+01
-1.047583383376934592e+02
-9.135503927767412335e+01
-9.552988714888860500e+01
-4.906179876551712482e+01
-4.503691948939075473e+01
-4.838754550865514403e+01
-9.605828122643276856e+01
-8.960047695083214592e+01
-1.377266071732651298e+01
-4.902685638380396504e+00
-4.490023257615959551e+01
-1.263667763380661313e+02
-5.907772514633681737e+01
-1.072438992042388293e+02
-1.349014915968564488e+01
-5.061138306256197694e+01
-3.824742617164327640e+01
6.367707862428048315e+01
-5.894892410074051980e+01
-1.284857172077975065e+02
-1.370629330473774843e+01
-8.458558949276316241e+01
-4.350718818397238152e+01
-5.124183352864523044e+01
1.449307680687527267e+01
2.125823998841267048e+00
-4.996097304316040777e+01
-4.664901554591477151e+01
1.008242013146368521e+00
-2.293744035808642820e+02
-1.516910646904189548e+02
-1.591344594908300891e+01
-4.988876212265011212e+00
-9.463284912311488029e+01
-4.034110114778245304e+01
-6.396412389023139156e+01
-5.496190486030054778e+00
-2.192222668022048282e+01
6.512743088428607496e-01
-4.291084102848760296e+01
-6.425242589693810658e+01
-2.160576275230688026e+01
-4.459365040141737069e+01
-7.216765504789464103e+01
-6.789261637609803302e+01
1.246259275377602904e+01
-4.707520389958550311e+01
-1.946350201628056809e+01
-1.794881080849112109e+01
-1.852480529202062485e+02
-9.285891282480045561e+01
-3.023352196079829568e+01
1.291721072897795608e+01
-2.430464411797511204e+01
-3.032333677580556497e+00
-4.027062355719845499e+01
1.794724062025909461e+01
2.912350148462417110e+01
-2.081044181460864095e+01
-2.279449466175315209e+01
-1.018338578795437543e+00
-1.601956916054716729e+01
-4.394536061315929487e+01
-5.891422082304950791e+00
-3.103891642985567856e+01
-2.851419691374031373e+01
-5.747260841889017513e+01
-4.776323278541922512e+00
-5.978121481467795917e+01
-4.329298626935773342e+01
-6.829182482040820013e+00
9.297350837955077552e+00
-7.038077434326194748e+01
-5.929003550642715226e+01
-3.052841523551003533e+01
-2.383318385401955730e-02
1.872035966809719554e+01
-2.222877693124511467e+01
-9.379751576641014310e+01
-5.065660083308389972e+01
-1.521599900458007149e+01
-3.222701503921609856e+01
1.550817665946188306e+00
-1.967653030220745336e+01
-1.077178088004791334e+01
-3.333511384969427382e+01
-2.749429119492837081e+00
-3.902415677176440312e+01
3.221824868131406561e+00
-8.334490319022695815e+01
-1.584050470567282964e+01
-1.297250549836697964e+01
3.583994904324664166e+00
-2.815629638619695285e+00
1.100259461890436263e+01
-2.832932492476644981e+01
1.630448410856415675e+00
-2.743972830970252019e+01
-3.242634546327011691e+01
-1.787470109085414904e+01
5.995279660378783682e+00
-1.524653655746273540e+00
3.375497706371716333e+01
-2.099622057272711118e+01
-3.935320397466743003e+01
3.116732872156418921e+01
-4.679764368316322809e+00
-5.507114050421428431e+00
-9.683843050555852372e+00
9.477233422895684711e+00
-2.360582581605347841e+01
-4.138559684882329037e+01
-3.347368065636365486e+01
3.060226546647079005e+01
3.731423388957801457e+00
1.527757025258473078e+01
2.484159401734194361e+00
1.334001764621928388e+01
1.939676993686525464e+02
-4.206359670467505651e+01
-3.315090867873581004e+01
-4.699823272077790648e+01
3.213531421320371351e+01
-3.727310802298843839e+01
