-3.933545236535484264e+02
-3.948411974097681423e+02
-3.028839135398357598e+02
-2.769780852167264129e+02
-2.519727989692783012e+02
-2.546266372723598295e+02
-2.227957410363847259e+02
-1.970849170123053966e+02
-1.871353251110853080e+02
-1.885368779095094567e+02
-1.847135826411867185e+02
-1.754617483689245034e+02
-1.722908475272651856e+02
-1.604991279274308624e+02
-1.528456887237063597e+02
-1.516451463280552616e+02
-1.503496269192542059e+02
-1.472218256966679064e+02
-1.446407071022743764e+02
-1.401248189485418436e+02
-1.370648388407218761e+02
-1.313110375330714987e+02
-1.310123854997939929e+02
-1.300317246811718235e+02
-1.279592319917110785e+02
-1.248908967544921609e+02
-1.219069185177239660e+02
-1.187100089048988849e+02
-1.183500336030393214e+02
-1.156534193995370572e+02
-1.144860492992442431e+02
-1.122018403452152029e+02
-1.109589371416255830e+02
-1.089932789967368052e+02
-1.077489871088096010e+02
-1.062711310783054870e+02
-1.064524590214913076e+02
-1.044613999651897700e+02
-1.020937376907116914e+02
-1.020798927473597502e+02
-1.022827076092177663e+02
-1.005242024861733938e+02
-9.927141820330980693e+01
-9.867324475852906573e+01
-1.033075429204839679e+02
-1.066448755511762130e+02
-1.095556529646548540e+02
-1.088835267447726238e+02
-1.086994787421660362e+02
-1.098681901439535835e+02
-1.087777168465446636e+02
-1.076614425641393211e+02
-1.073008621809922971e+02
-1.069192466444435752e+02
-1.064729095361973634e+02
-1.060761904251318981e+02
-1.064735179052483147e+02
-1.062668082049742253e+02
-1.065053104057352584e+02
-1.064776073761007780e+02
-1.061301547024969381e+02
-1.057125900816694326e+02
-1.040120657466773935e+02
-1.030774427788342962e+02
-1.015946167896920400e+02
-1.011572585230112509e+02
-1.005337719948279727e+02
-9.993782596574280319e+01
-1.012133774683744178e+02
-1.002438360019839507e+02
-9.880787151560411985e+01
-9.863806943486164869e+01
-1.020719878806276171e+02
-1.010514610699010092e+02
-1.018434464535181831e+02
-1.007988817986250751e+02
-9.993054001129704034e+01
-9.948342186103036511e+01
-9.864250537502765326e+01
-9.775892162542933761e+01
-9.728034333324309557e+01
-9.617612795067917375e+01
-9.590185056332468605e+01
-9.512302928570322536e+01
-9.445619830570673514e+01
-9.367954288509692162e+01
-9.310152008044478578e+01
-9.250966892132281316e+01
-9.190375316952084006e+01
-9.114805529959961916e+01
-9.044476319386328100e+01
-8.996440646808029840e+01
-8.950058819309707303e+01
-8.636141302658359109e+01
-8.620936953961592053e+01
-8.572363987913043104e+01
-8.521516031020266269e+01
-8.499442283239744711e+01
-8.456277703493006470e+01
-8.417376037098125607e+01
-8.036083732466975960e+01
-7.651260397257216539e+01
-7.540567486951887588e+01
-7.355049057658473544e+01
-7.271813642280478973e+01
-7.174336792142489116e+01
-7.212931830981038672e+01
-7.252316638039827978e+01
-7.179008454327968991e+01
-6.976901549940848213e+01
-6.870138707254002952e+01
-6.826372102382923401e+01
-6.732024857154898712e+01
-6.783464848182312323e+01
-6.782010482873016599e+01
-6.745340927884552684e+01
-6.639387586840713595e+01
-6.632761831861044755e+01
-6.602723543316520249e+01
-6.558148358545786039e+01
-6.573380402124706734e+01
-6.630666077605705766e+01
-6.612959751245460893e+01
-6.576631036769873617e+01
-6.571895320673581864e+01
-6.580391114518801032e+01
-6.587554271222366253e+01
-6.602588602585969113e+01
-6.533424989020434737e+01
-6.544506508361332919e+01
-6.498756205929009866e+01
-6.482171480796969831e+01
-6.458402402183052970e+01
-6.447025891028596334e+01
-6.515070214760763179e+01
-6.474359402992938328e+01
-6.399341037558722434e+01
-6.375255085821562773e+01
-6.378780671253470302e+01
-6.293576900070303282e+01
-6.221597409678575019e+01
-6.219299684791401006e+01
-6.194615453572227892e+01
-6.127272182664398059e+01
-5.867784728725229115e+01
-5.595323349450417538e+01
-5.366846751075964050e+01
-5.350466868971125223e+01
-5.247912814800639580e+01
-5.133988749843506127e+01
-5.113823167562841121e+01
-5.167053973620508600e+01
-5.112642069666276257e+01
-5.116556237039080912e+01
-5.079211833894280659e+01
-4.964956523240595487e+01
-4.847988721563856274e+01
-4.581604333903445081e+01
-4.533540998323785232e+01
-4.238462735251231805e+01
-4.263822159776191256e+01
-4.280184852710672061e+01
-4.271292189455684962e+01
-4.213358725053097942e+01
-4.258527218496935518e+01
-4.175310523830226117e+01
-4.153085728977924873e+01
-4.371578677898698828e+01
-4.208043179042631721e+01
-4.169081524836538222e+01
-4.048822085626576950e+01
-4.090077685860495649e+01
-3.812515887496314804e+01
-3.809398305616329594e+01
-3.672394635597895984e+01
-3.626501289465216615e+01
-3.594360086499691675e+01
-3.340961136478809124e+01
-3.128203748928954653e+01
-3.125078243199623884e+01
-3.060219142293973960e+01
-3.092375636416860729e+01
-3.015348274008791662e+01
-3.039879467253348722e+01
-2.880931385658385935e+01
-2.809224640667964223e+01
-2.537342181001424279e+01
-2.330997617404536015e+01
-2.292969517657871492e+01
-2.278528676667409059e+01
-2.021265608198134345e+01
-1.739329688110756678e+01
-1.750454994329873060e+01
-1.761508558290193704e+01
-1.685037894650715629e+01
-1.701841588518502135e+01
-1.455584880918985213e+01
-1.408612428587640153e+01
-1.113944622912894289e+01
-8.428304139826193975e+00
-8.852602411293668538e+00
-6.894078119105111035e+00
-5.149102164322650665e+00
-2.584785064155570300e+00
1.932093726236286113e-01
1.033284218651997488e+00
4.080394722351531556e+00
3.824536884325493880e+00
2.952246552265360258e+00
1.742481765387244641e+00
2.175293489912018874e+00
3.914583386345262261e-01
2.713694656665353033e+00
6.089092115911014069e+00
5.922200156539591198e+00
6.679996905842297217e+00
9.863425413050043389e+00
1.039876293777839855e+01
8.260678717877180333e+00
8.241212814825495059e+00
8.918345949250142013e+00
8.951893147374569537e+00
1.042067883510675586e+01
1.376619507651177798e+01
1.423626231031347444e+01
1.637360073609862354e+01
1.860015122598545645e+01
2.107511075514813470e+01
2.380699248307729121e+01
2.646970802122394062e+01
2.664812357688328959e+01
2.709581111868864056e+01
2.712126080408363649e+01
2.945953054808292038e+01
3.013626525586903782e+01
3.174392312093561586e+01
3.360676916478229970e+01
3.313965669965447347e+01
3.288074023057583872e+01
3.480004314317438485e+01
3.677864670011453541e+01
3.935103882890994242e+01
3.919261989647979050e+01
4.058952714973695208e+01
4.323750533728126300e+01
4.255866902234545535e+01
4.535894684445906933e+01
4.673830381472475892e+01
4.897758455821917067e+01
5.131165389092198126e+01
5.458008280122290756e+01
5.773010996221793789e+01
6.011509118074449987e+01
6.338324740053234763e+01
6.577149315754473946e+01
6.299880304203784220e+01
6.459251471016540336e+01
6.556500125461259643e+01
6.885156203147998610e+01
6.942040620434232778e+01
6.990029777899775354e+01
7.113844471176757622e+01
7.379348379253053736e+01
7.616055099943041284e+01
7.620591861579640636e+01
7.871454611853077665e+01
8.162045617926749230e+01
8.685065874653024309e+01
8.950160353064634933e+01
9.170710812545418378e+01
9.302765414623155493e+01
9.679996853068770690e+01
9.281832554693913551e+01
9.588491600522003466e+01
9.520390805118250910e+01
9.467588459638598408e+01
9.670573485098643118e+01
9.461677882596737277e+01
9.513895123497303530e+01
9.768356283501691451e+01
9.950920975550897651e+01
1.020617401710448604e+02
1.035180684316588327e+02
1.061803463340683749e+02
1.072213784812339838e+02
1.091539679595464634e+02
1.093137004832287289e+02
1.077216800469307714e+02
1.092128022598983250e+02
1.107362098614385530e+02
1.100451659229854187e+02
1.079643759562054441e+02
1.104500039066282255e+02
1.112291446550682679e+02
1.133620410972818178e+02
1.156941324470424064e+02
1.164805840074918848e+02
1.187388957742532369e+02
1.176652438491336596e+02
1.176085974161566696e+02
1.207190103762728768e+02
1.213603423222124604e+02
1.221268567936853344e+02
1.216060793908255135e+02
1.214889590461045543e+02
1.218917153890132852e+02
1.214787707646692638e+02
1.227201664949046744e+02
1.263895618836992583e+02
1.279421504135372203e+02
1.300682792016150984e+02
1.344693231450174551e+02
1.346458204280298503e+02
1.343467494754583811e+02
1.368896402241917087e+02
1.389988073369984249e+02
1.360215665128459364e+02
1.385076710458297100e+02
1.435996918602026540e+02
1.456191515794706106e+02
1.480256613613574928e+02
1.504890346743219425e+02
1.494487744139781285e+02
1.494510324176413860e+02
1.516896432137785666e+02
1.482342005443804283e+02
1.491243832208248250e+02
1.493958022521485134e+02
1.494866675627420136e+02
1.463763091962628380e+02
1.489649963120187124e+02
1.515209549341310549e+02
1.547328289109759396e+02
1.503868786566078199e+02
1.505017917237994425e+02
1.511261447914099278e+02
1.521784962284907010e+02
1.549899551072015242e+02
1.551572916852857134e+02
1.559409085260260781e+02
1.567942572757099242e+02
1.571314949332136450e+02
1.593489320251156300e+02
1.605504270977606893e+02
1.605980928599825859e+02
1.631511581736109520e+02
1.589452484751750774e+02
1.608360475797601907e+02
1.609123085059781033e+02
1.613321781926189544e+02
1.607046136456809506e+02
1.611408560530257148e+02
1.619507474287162268e+02
1.607842283390112357e+02
1.609719893558790318e+02
1.658728892865093201e+02
1.670085914487704315e+02
1.665908377982042339e+02
1.659611578487290444e+02
1.620113615373286393e+02
1.648150432883405756e+02
1.643582450676655071e+02
1.637065720887782163e+02
1.640652906610592652e+02
1.665288886686745968e+02
1.666579901857763275e+02
1.664954414172254928e+02
1.664309296582997604e+02
1.664087757316600289e+02
1.662796393238290023e+02
1.663037271793377272e+02
1.664660267968471885e+02
1.739210522525007434e+02
1.736938173825292608e+02
1.756053028644498681e+02
1.785008560378486493e+02
1.789278597734692084e+02
1.814668234879852662e+02
1.807899494012855257e+02
1.809939845399165961e+02
1.818770202224170873e+02
1.821561923521271922e+02
1.831523725084809939e+02
1.836957446142945400e+02
1.837968690514057073e+02
1.838116999274409409e+02
1.839062961874866176e+02
1.866542241986136617e+02
1.876194011876555976e+02
1.879956198253180162e+02
1.888332722288099887e+02
1.911836809469091065e+02
1.916861365158470392e+02
1.892769551428008583e+02
1.891616929254583965e+02
1.897915053147165736e+02
1.893123445647302674e+02
1.894279424105559144e+02
1.906588396433606931e+02
1.906990227726947467e+02
1.904640804767167026e+02
1.899965338005733031e+02
1.900890331137996441e+02
1.907984435291508589e+02
1.912417551178889426e+02
1.940438300591002587e+02
1.944711580770372166e+02
1.969904542041069817e+02
1.970954129047410959e+02
1.989557796018216607e+02
1.990531013896985542e+02
1.993958969205582719e+02
1.999111663277909372e+02
2.003434104643742444e+02
