-3.933545236535484264e+02
-3.963278711659878581e+02
-1.189693457999709807e+02
-1.992606002473984290e+02
-1.519516539794857977e+02
-2.678958287877674138e+02
-3.181036362053414379e+01
-1.710914884375023348e+01
-1.075385899013245563e+02
-2.011508530953268803e+02
-1.464806299579592803e+02
-7.369157137404013724e+01
-1.342400374273533430e+02
-7.206773129584665760e+00
-4.569753987156344266e+01
-1.336370103932881932e+02
-1.296213163784373705e+02
-9.404920491270046057e+01
-9.818057240319113532e+01
-5.432294402762357777e+01
-7.586523668432239731e+01
-1.048121007241324243e+01
-1.244420407676889937e+02
-1.074765258528633467e+02
-7.821940744465292994e+01
-4.818251582401967426e+01
-4.432348436175049500e+01
-3.239344935862185793e+01
-1.082707251509716571e+02
-3.745160749797085487e+01
-7.946494629046006253e+01
-4.139136277031454370e+01
-7.118603462675744709e+01
-4.412656021540693985e+01
-6.544306291928486985e+01
-5.454617001066152682e+01
-1.129802649761808055e+02
-3.079221488203257451e+01
-1.212257126054465672e+01
-1.015399399566350098e+02
-1.103953020835382830e+02
-2.842549244135485509e+01
-4.665447832303924258e+01
-7.295178663295729393e+01
-3.072166620464994367e+02
-2.568248439323267007e+02
-2.434514139846723992e+02
-7.729359441030746325e+01
-9.986517461705008714e+01
-1.671350488315425764e+02
-5.425405197609861574e+01
-5.073145416146689257e+01
-8.855068225734723342e+01
-8.669362320736136951e+01
-8.237070569090205652e+01
-8.425663931653126326e+01
-1.287238567917676448e+02
-9.448435528935208083e+01
-1.203384380498746111e+02
-1.048431286276661041e+02
-8.528299428626723966e+01
-8.024114821119100327e+01
1.420443022828972834e+00
-4.419619580471932352e+01
-6.693753484587462665e+00
-7.272897118875970079e+01
-5.938366113473257712e+01
-6.000944201703655523e+01
-1.879508796473235179e+02
-3.334547482104286331e+01
1.709642530984970543e+00
-8.658212170214595460e+01
-3.493141159757765877e+02
-2.655300388685899549e+01
-1.604503648411883034e+02
-2.245653268164244309e+01
-3.393656417436621808e+01
-6.505532429049648613e+01
-3.305101946681575242e+01
-2.795580540716453655e+01
-5.899407995834347673e+01
-6.734681963000649141e+00
-7.341110480025699303e+01
-3.048086324312261297e+01
-3.844239598600130137e+01
-2.766383213326279744e+01
-4.339155888036140141e+01
-4.101861807770944068e+01
-3.858316701094813084e+01
-2.389094487661152044e+01
-2.714847367759264785e+01
-4.625194442182841215e+01
-4.682930689464005525e+01
2.055818774591704141e+02
-7.191728176465527156e+01
-3.957932213300973956e+01
-3.640112169313615453e+01
-6.358288748529247414e+01
-4.226148888312678764e+01
-4.566111064004826403e+01
-1.206221902239892607e+01
-1.150453595622858494e+01
-8.276435494641857460e+00
-1.374217095398464750e+01
-6.871623860149155405e+01
-1.704189786497761077e+02
-7.040540245908407258e+01
-5.649395590253998023e+01
-3.423040618946554758e+01
9.560512917946000222e-01
-3.971778727111397700e+01
-2.992496650296106608e+01
-3.989279219932912923e+01
-5.864676415699853607e+01
-4.424317456226763312e+01
-9.696745540482291403e+01
-2.366797533459715908e+01
-8.742344993303289868e+01
-6.814228385866638860e+01
-9.747759256888850032e+00
-9.109728026324324901e+01
-6.776688555341216613e+01
-1.067357144074459683e+02
-7.114781137727510441e+01
-7.348369134836015348e+01
-5.667830966923950342e+01
-5.148664106531668949e+01
-4.742778072222320418e+01
-3.910711158543804800e+01
-4.853312683886923651e+01
-3.371464385813791154e+01
-2.480663763827466539e+01
-4.741695601284029493e+01
-3.275004906095002610e+01
-1.334873866514508904e+02
-1.383535824283687710e+01
-3.796189954196624683e+01
-6.706263144872590232e+00
-1.564815669245238539e+01
-1.633616877346714702e+01
-3.841581169181043975e+01
-2.612776755418101260e+01
-2.197024710386578050e+01
-5.608515725127682039e+00
-4.772920810733086938e+01
1.563653534248399879e+01
-1.497481561021760932e+01
-6.091371230546878479e+01
2.688879553435904235e+00
-5.321098387440928690e+01
-3.408846969543394323e+01
-1.039622602191337819e+02
-3.413877830311543704e+01
-9.060779058016551346e+01
-4.502630254610227922e+01
2.999867133715415690e+01
-1.175605511502843470e+01
1.719000323710601492e+02
-7.227510247021560019e+01
1.902351344448879900e+02
-1.106424188112266478e+02
-9.660384114567148117e+01
1.031310627781498290e+01
1.373726859786825827e+01
-5.186224692842450423e+01
1.048772347794961846e+01
-3.715886628243202949e+01
-2.785023909378104463e+02
-2.441538079125717076e+01
5.616179385051889739e+00
1.219690817409458816e+02
-1.278377219360653925e+02
-7.175231761159574262e+01
-2.343542200687377530e+01
-2.344669482275404704e+01
2.343681345103694014e+01
-1.795361208841756540e+00
1.883436257303860657e+02
1.797063680830389956e+02
-2.483029967783374659e+01
5.865020947306416765e+00
-3.889117608588733077e+01
3.616257607811604657e+00
-5.501205648767989231e+01
1.205056856089612012e+02
4.404291285715871140e+01
2.284909007861788268e+02
1.653259455191793279e+02
-5.550672642833998083e-01
-9.450103886148880861e+00
2.301145947916821797e+02
2.356839756655490419e+02
-5.795461311375651547e+01
1.945283134988499114e+02
4.553381874822730602e+00
-5.638301600079643805e+01
2.098555859063807816e+02
-1.661043515394757719e+01
2.524063167916190196e+02
2.254530982902265634e+02
-5.449204616914631316e+01
1.843478932626274513e+02
1.662211599836041955e+02
2.426895390627233269e+02
2.090832050764285555e+02
-8.641149404693936731e+01
2.343056479108694816e+02
-8.207973970514373718e+01
-1.214594393954788671e+02
-1.200204273960170980e+02
3.563385181363599941e+00
-2.083084816307104461e+02
1.923308396037535886e+02
2.788929817675673348e+02
-6.093237049940988470e+01
-2.118778047455231217e+01
2.946748753861776322e+02
-3.388969746019738238e+01
-2.819507058487886866e+02
-1.169434956205704879e+01
-2.338396682077885202e+01
-6.441216574096931424e+01
4.014285436577290511e+01
2.634038127632273358e+02
-2.647696796819032272e+01
1.570555329092749162e+02
1.711684079233666012e+02
2.000681721940446778e+02
2.340810612074775179e+02
2.177384269757959601e+02
-1.587308829220309114e+01
1.996211654226038945e+01
-4.487198747334095117e+01
2.010769253389785263e+02
-6.581391587283911804e+01
1.469304282638208292e+02
1.483227048427016541e+02
-5.341750965765476167e+01
-4.153980360031609109e+01
1.755941224863879029e+02
1.594445440022044238e+02
2.311114453253605348e+02
-3.781214034688173342e+01
1.340822096005888113e+02
2.170686106470990921e+02
-5.224709615109490102e+01
2.650529666011422592e+02
7.702198472109984095e+01
2.266169539028782083e+02
1.801959493958713097e+02
2.927544213346590141e+02
2.110404558803693078e+02
2.043593435495416770e+02
2.362078313986174578e+02
1.937982731551379629e+02
-2.472703402135370823e+02
1.476151116977271158e+02
2.691486868157799677e+02
2.563809752165230975e+02
2.471195517311245169e+02
-6.265326134568509531e+01
2.721085213131136982e+01
2.758170143541107677e+02
2.504439892878560556e+02
-4.732548529182594166e+01
2.613504737513869713e+02
2.534321397912402176e+02
2.445178657884652296e+02
2.406790976203525076e+02
2.261666388658339315e+02
2.540236838186843897e+02
2.493937165095489092e+02
-4.699166159864528822e+02
2.832236238212162789e+02
-9.154749022650578638e+01
-2.936553202861699674e+01
2.011896642512016342e+02
-2.055197677151990376e+01
2.319236089836051065e+02
2.296308603265566148e+02
1.884297129965133024e+02
2.163618654677005395e+02
1.492490836692095399e+02
2.112157337532727297e+02
2.246089003255227112e+02
2.373018606884061796e+02
2.444641531544052668e+02
6.123901889384171682e+00
1.485571540324685600e+02
1.428906562678742489e+02
1.610102009463682862e+02
2.760497898755350121e+01
1.906081819285227539e+02
2.724423883428531212e+02
2.178430260961770841e+02
1.768261189752632561e+02
2.885007419513294735e+02
2.092207415221882059e+02
1.450411242796622560e+02
2.197884549925282442e+02
2.565492498424733867e+02
2.484810878565883172e+02
2.428726071308898042e+02
1.906117987767393060e+02
1.973711706043348499e+02
-4.613585975606645206e+01
1.930111854764674035e+02
4.205983331839908601e+01
2.454800994839778809e+02
3.523842558777940326e+01
2.161762639891519484e+02
2.317959127095279541e+02
2.099805679049907781e+02
2.489858865104206416e+02
1.933567043739248561e+02
1.897289308061177735e+02
-3.049207029070743147e+00
2.147207558381821286e+02
2.272513755885022420e+02
1.902516223647383526e+02
2.172670113679088786e+02
1.819251655554762124e+02
-6.388317166860976215e+01
2.636296131295492842e+02
1.973841116455294014e+02
-1.884887340305389500e+02
2.601866755678071854e+02
2.272100753264134596e+02
2.431675922668272278e+02
-9.329740967212163127e+01
2.429956232833824004e+02
2.755579787534931597e+02
2.763154102111498105e+02
-2.335181000978324732e+02
-5.432260915367670862e+01
2.093657350248680871e+02
2.535578485507802498e+02
2.277283782134285843e+02
-2.480614579189781921e+01
2.539558065604256853e+02
2.447794189705851124e+02
2.648352110757375613e+02
1.839315688433138689e+02
2.542317168650962174e+02
2.218351868692873552e+02
2.030594352117413735e+02
-1.555380032424455692e+02
2.661018951796105512e+02
2.342430465246740141e+02
2.221829180599518736e+02
2.299979666408590617e+02
2.546646966148441891e+02
2.853484811185959416e+02
1.195559224281173130e+02
2.125743748419190524e+02
2.428196528494897848e+02
2.611853279238382584e+02
2.273733217591598645e+02
1.934129802690045494e+02
-1.478600794089165902e+02
2.177149137555080642e+02
-1.846896993619239424e+01
2.106497164653809477e+02
2.863158465159600610e+02
1.990343154697069679e+02
2.742606254615640751e+02
2.371772629361520899e+02
2.380666898958913578e+02
2.384637049563814060e+02
2.132529980827323470e+02
2.564324693695565429e+02
2.656236782604937616e+02
2.755859295789034604e+02
2.605001368240656916e+02
9.960105796555683355e+01
2.601897853112577650e+02
2.438900378132644278e+02
2.333443946800866229e+02
1.642362003136249200e+02
2.500343741896663516e+02
2.767332812465596703e+02
2.442790784387129861e+02
2.488670993045864464e+02
2.655529443346284779e+02
2.347213440366425914e+02
2.387849482919349100e+02
2.539237791589677613e+02
2.809167030020884681e+02
2.450748529366663604e+02
1.805125200341188076e+02
2.447754412955630130e+02
2.626458507974647318e+02
2.408537388223109588e+02
3.152425103823816244e+01
2.063168043619296554e+02
2.398073579010743686e+02
2.405846669527043105e+02
2.207805261047506065e+02
2.681308475601390455e+02
2.238067679259321494e+02
2.330550202446735852e+02
2.017264202422469452e+02
2.521225384535229921e+02
2.615528403118621554e+02
2.417023294781432980e+02
2.340716343650631472e+02
2.357439872701680201e+02
2.939894460253727857e+02
2.559759695473921965e+02
2.212750952958322728e+02
2.259084427768413548e+02
2.660754657955002358e+02
2.615075086282571419e+02
2.922103001687520987e+02
