-2.745928996080330080e+02
-2.083671591954199585e+02
-2.825461178024639253e+02
-2.735065210754744385e+02
-2.926196717249729318e+02
-2.899718402764718235e+02
-3.360758491118016877e+02
-3.347042540574164491e+02
-3.382097951361159858e+02
-3.132467117618186307e+02
-2.984542873961775626e+02
-2.853779509068567677e+02
-2.857789982680515664e+02
-2.873932711627500112e+02
-2.888015262949012936e+02
-2.917807429151354199e+02
-2.921461508917951733e+02
-2.946147855907859707e+02
-2.918637050997703568e+02
-2.857096578680095149e+02
-2.828978394364840483e+02
-2.822043878529636345e+02
-2.772789824782127539e+02
-2.705345868583462448e+02
-2.643826434563718522e+02
-2.622053139399480983e+02
-2.572228661201615978e+02
-2.534330176026556103e+02
-2.502396147245655982e+02
-2.472610426930641268e+02
-2.447844327675032332e+02
-2.444868937134699252e+02
-2.406024970679749231e+02
-2.383799847631206603e+02
-2.346982716718530639e+02
-2.353525257529699388e+02
-2.324940884972949391e+02
-2.290348191642026165e+02
-2.260363843411929849e+02
-2.231784243795117959e+02
-2.241716725189782551e+02
-2.204434784857556622e+02
-2.157883794103777575e+02
-2.144407755334690648e+02
-2.117492353832793412e+02
-2.161571228290291913e+02
-2.158264804545209756e+02
-2.150657063375648761e+02
-2.135834742342688060e+02
-2.135242358440312955e+02
-2.122923230188670232e+02
-2.112062444244085100e+02
-2.098441689783602442e+02
-2.076451242388404523e+02
-2.069900777823812632e+02
-2.050152060069516153e+02
-2.032136881756426305e+02
-2.010194533149094980e+02
-1.997552367967000748e+02
-1.979335889423287540e+02
-1.979810932047280403e+02
-1.961174938335886964e+02
-1.938626573540628613e+02
-1.925751271319363696e+02
-1.920151801098838860e+02
-1.915033140805979315e+02
-1.909746691066380890e+02
-1.912557131144004074e+02
-1.896060003876728786e+02
-1.886001607196218401e+02
-1.871106950049089335e+02
-1.856427786362934285e+02
-1.852331065651660538e+02
-1.840843684087797953e+02
-1.829597707158690696e+02
-1.871718958433181967e+02
-1.863981478194725412e+02
-1.885761051187870692e+02
-1.883492248980171269e+02
-1.866937019390452406e+02
-1.857551446833287514e+02
-1.844228617537276591e+02
-1.832573573382270808e+02
-1.817250751929570356e+02
-1.829100134205422989e+02
-1.850746362647569470e+02
-1.834348000259608398e+02
-1.822808817546585658e+02
-1.812549194864160711e+02
-1.797073723089691555e+02
-1.800495899105077058e+02
-1.789877138472071749e+02
-1.789601247856258226e+02
-1.812956208700700529e+02
-1.807584609661929846e+02
-1.796481341582740185e+02
-1.786620466799716951e+02
-1.775912802437281925e+02
-1.767671950477463270e+02
-1.761600718119655653e+02
-1.747307478007916473e+02
-1.747870487979855625e+02
-1.715944731728920658e+02
-1.698762285582436391e+02
-1.675375985694093401e+02
-1.653825539044637196e+02
-1.635974728007253134e+02
-1.748793305789530450e+02
-1.743666379890841540e+02
-1.738447042665243600e+02
-1.734290002401305628e+02
-1.738609494216548512e+02
-1.720741317068951446e+02
-1.695809551848339538e+02
-1.697090317424404304e+02
-1.685651508622639767e+02
-1.671128449053043710e+02
-1.643071055210131703e+02
-1.649016204185310528e+02
-1.644471832210610103e+02
-1.637161250202985059e+02
-1.636214225865168146e+02
-1.629116717276778274e+02
-1.626502993164282032e+02
-1.623597240985944268e+02
-1.609798539188158486e+02
-1.601401352735214516e+02
-1.593307994214584369e+02
-1.588929625104075569e+02
-1.577929530334498054e+02
-1.563778225376460682e+02
-1.542666933824050659e+02
-1.534494940041146549e+02
-1.520277437970050300e+02
-1.514480937519761596e+02
-1.497194620941441769e+02
-1.488783482638323505e+02
-1.482511293817678109e+02
-1.500178581738325079e+02
-1.496844522968965521e+02
-1.478554491644203210e+02
-1.477959497134935134e+02
-1.479639884372991787e+02
-1.469611556953784657e+02
-1.461726007235062639e+02
-1.430432179042546181e+02
-1.418534817253659241e+02
-1.404409608879383882e+02
-1.396567908426496558e+02
-1.380123331455537539e+02
-1.367861571733887729e+02
-1.376564743646590898e+02
-1.367095379734317078e+02
-1.362214705427175829e+02
-1.348444959599128481e+02
-1.342341690342042568e+02
-1.333603466695270754e+02
-1.324505234202213444e+02
-1.309131331187424223e+02
-1.304105411149805605e+02
-1.290216998757825877e+02
-1.284726640112553184e+02
-1.278984190276704993e+02
-1.267997022705050227e+02
-1.251622941479153752e+02
-1.240819986257260439e+02
-1.227790742495660794e+02
-1.209879246059812914e+02
-1.203836399787404474e+02
-1.196383720691157038e+02
-1.191831224878294080e+02
-1.190714352290957265e+02
-1.174183011513341626e+02
-1.165654873280948891e+02
-1.163140417979522994e+02
-1.115366524886111250e+02
-1.108126180913617844e+02
-1.075548177783402792e+02
-1.058787187813262562e+02
-1.056941119924954222e+02
-1.052540942778791049e+02
-1.046587291122618950e+02
-1.046032259775982709e+02
-1.054451514092075683e+02
-1.025752996428975905e+02
-9.897698456156777524e+01
-9.863770039632228759e+01
-9.752957604518265100e+01
-9.674798893153121071e+01
-9.668702739652890443e+01
-9.464182151974941348e+01
-9.395450758043016037e+01
-9.259225602426904800e+01
-8.882139150171997244e+01
-8.747964757437104311e+01
-8.645015827574545142e+01
-8.545047115434088880e+01
-8.511671878005331848e+01
-8.448412293722407185e+01
-8.284030591532720678e+01
-8.165830460578064276e+01
-7.982655203755405182e+01
-7.860748407476179977e+01
-7.825020514725008525e+01
-7.742379160582565589e+01
-7.669075605791270789e+01
-7.261630851195005221e+01
-5.836734599733421192e+01
-5.567476090931469201e+01
-5.563300009189106277e+01
-5.443957665902200205e+01
-5.258858532967258981e+01
-5.114375418063185919e+01
-5.003056463794345632e+01
-4.625145574351723354e+01
-4.329381533288288608e+01
-3.952697875366638414e+01
-3.967895655088315721e+01
-3.651928392859115036e+01
-3.579599895353461392e+01
-3.754725436808119809e+01
-3.401627319744627442e+01
-3.134368072647297510e+01
-3.400794967756649356e+01
-3.537402380868918783e+01
-3.516386666306513575e+01
-3.420085523052173215e+01
-3.106936852058188236e+01
-2.775455087647576136e+01
-2.489064088093475746e+01
-2.484265398321874230e+01
-2.265101797478108026e+01
-1.996883829059835236e+01
-1.971771649398479198e+01
-1.714393862443186833e+01
-1.372930675723074501e+01
-1.095075648784393785e+01
-8.500454077427873401e+00
-3.703764900473997201e+00
-6.065781614872327587e-01
-1.185472473021521034e-01
2.678348067946052957e+00
5.631806120520892911e+00
8.410689649663119383e+00
1.117050028106003268e+01
1.262645939891874391e+01
1.296038624828455177e+01
1.211108317512088384e+01
1.247861439935456929e+01
1.310464693070346343e+01
1.427403036820082427e+01
1.884574300666429636e+01
2.038552874372626178e+01
2.320650097147546731e+01
2.461241204031420082e+01
2.582314499416061082e+01
2.761438477957505100e+01
2.436759593162247839e+01
2.343376659591629618e+01
2.599276547269719373e+01
2.890388886002104130e+01
2.724966987918695693e+01
2.909886348440538839e+01
3.173286230392609752e+01
3.412004366282392454e+01
3.693157376471463493e+01
3.900498719759745825e+01
4.111404389893196765e+01
4.295568899374904248e+01
4.272387739199685086e+01
4.330026640991461306e+01
4.552636744559195137e+01
4.748344069429563064e+01
5.011872787836435350e+01
5.235396715046160665e+01
5.482967073063713315e+01
5.760717330001730119e+01
5.929332639093627222e+01
5.910958597402629522e+01
6.190831372691960155e+01
6.461226671270010513e+01
6.730684255146877604e+01
6.593980174763599678e+01
6.912942436651036360e+01
7.123806119472797604e+01
6.712547781345878661e+01
6.904823414609093390e+01
7.109223707327693376e+01
7.368165116963362493e+01
7.626495112076449345e+01
7.885003971306424830e+01
8.125227714974043636e+01
8.444323986856241504e+01
8.696939418055542603e+01
8.412520360800874641e+01
8.610933296087044653e+01
8.831973275829406589e+01
9.078328497380768169e+01
9.297258214168928703e+01
9.480685212673026285e+01
9.712636464275509240e+01
9.544458353992781952e+01
9.767727002049099383e+01
1.005032764012017452e+02
1.036451249373165382e+02
1.059261372642675809e+02
1.079387681210320267e+02
1.089904734142918983e+02
1.118948799038693380e+02
1.146654246863253093e+02
1.165145931145109586e+02
1.182907304387214253e+02
1.206007886769730248e+02
1.223571959623261876e+02
1.241002975725023703e+02
1.258885609143197684e+02
1.261628185786730825e+02
1.274676301802787748e+02
1.298621687708366323e+02
1.325094851339312356e+02
1.381754629172426974e+02
1.393889052828257036e+02
1.396911569068035988e+02
1.443347810771540480e+02
1.493965450545240117e+02
1.523017097558033583e+02
1.543068168835503400e+02
1.495466956773030631e+02
1.494112762929459848e+02
1.497016424724230035e+02
1.525137130198835678e+02
1.527541995260474152e+02
1.529497297140452758e+02
1.556366747737571359e+02
1.527780826475766958e+02
1.528217079349491030e+02
1.530420928549980317e+02
1.531948342447575726e+02
1.539471390711908612e+02
1.538367682093165740e+02
1.566339405051419362e+02
1.563293016181898167e+02
1.560071450995577891e+02
1.535515600360802750e+02
1.530832456715244803e+02
1.549940108057210182e+02
1.544278676433183932e+02
1.580965323953398922e+02
1.610688566664533710e+02
1.634505202913780408e+02
1.646791063919763758e+02
1.648642611880311506e+02
1.661994381195115693e+02
1.660854498844331886e+02
1.675344404211321319e+02
1.694439766904740168e+02
1.699902027594669107e+02
1.755321644617687014e+02
1.736157898654728626e+02
1.736299174778834526e+02
1.737184612618927702e+02
1.782430613444755636e+02
1.789167720387299880e+02
1.784694306046663144e+02
1.784693157116851125e+02
1.785548180942751060e+02
1.792911914085656804e+02
1.796650780318970249e+02
1.801761777539891796e+02
1.835988755748215908e+02
1.857450803584288224e+02
1.869228453264772156e+02
1.875200217420511137e+02
1.874651481217868536e+02
1.884288871335618296e+02
1.885921462468104437e+02
1.878689977144508134e+02
1.884962248517401804e+02
1.913649060046008969e+02
1.915475769937137613e+02
1.921136529147542831e+02
1.922834290080240578e+02
1.852947862831306054e+02
1.806236707702186095e+02
1.795296197082188598e+02
1.862808265350057297e+02
1.870254290336054055e+02
1.869498236290932880e+02
1.870279152374314151e+02
1.875035252765387952e+02
1.842188201775215646e+02
1.817743581870330445e+02
1.810890268663306415e+02
1.745302909289307820e+02
1.767223513168666216e+02
1.678876664343532639e+02
1.654166107284561917e+02
1.633672067627264255e+02
1.635668531921410818e+02
1.633538489587499782e+02
1.637751085316007789e+02
1.632663589561636286e+02
1.594086299498463859e+02
1.555382395865092917e+02
1.518555019367221632e+02
1.518753781139920420e+02
1.521315139872645830e+02
1.514464956409506442e+02
1.505805543116213130e+02
1.504299066949970722e+02
1.508347543159939903e+02
1.478180049069714812e+02
1.472803975511241958e+02
1.469243537133742450e+02
1.458650104459806300e+02
1.459178247277628770e+02
1.454796161875252380e+02
1.471392760652068432e+02
1.468172665244554764e+02
1.466934448470643417e+02
1.462189266983869231e+02
1.463696819646050358e+02
1.461137221405021478e+02
1.451243045727981951e+02
1.448293157414375969e+02
1.417158112819459461e+02
1.417376874124446999e+02
1.463241793480868012e+02
1.467868024444981643e+02
1.466029624668074121e+02
1.467119672883166572e+02
1.470955109838727424e+02
1.472162239470115708e+02
1.472243644496139439e+02
1.504650083336831869e+02
1.502692368339152722e+02
1.506710762157697161e+02
1.461319277021910352e+02
1.460319499007554498e+02
1.461633573891607796e+02
1.458593164390819652e+02
1.460608251670531956e+02
1.453739290437491718e+02
1.482823008027349374e+02
1.489761689551011159e+02
1.492498298799540919e+02
1.520634937782732550e+02
1.522231622640441913e+02
1.522712845487089908e+02
1.489983303228704017e+02
1.488564793504064028e+02
1.485599747350359507e+02
1.482565861149497550e+02
1.486361538702789176e+02
1.479435202182565376e+02
1.476355477469240327e+02
1.478802291031289258e+02
1.475777120697549947e+02
1.528911981281879093e+02
1.527483842907838323e+02
1.529931412755872486e+02
1.527203839102542133e+02
1.518910896595111524e+02
1.523587784190840182e+02
1.525306989838275058e+02
1.522037465432168517e+02
1.515523104173676927e+02
1.513754689342205211e+02
1.485119514312012541e+02
1.467028354787713340e+02
1.464966918166028336e+02
1.454772232072686222e+02
1.453162128607704915e+02
1.454574833782794485e+02
1.453539171082421149e+02
1.456083092773505143e+02
1.461175541729825227e+02
1.462678263430767345e+02
1.433820154059652054e+02
1.428946064268150167e+02
1.420349348382677590e+02
1.418197076250950204e+02
1.535304663529964557e+02
1.574560824492697861e+02
1.586556877153484209e+02
1.581201980042019386e+02
1.580819516871300721e+02
1.574675303456466224e+02
1.571102359401708952e+02
1.565598528998916663e+02
1.591980662923589023e+02
1.605492701257327326e+02
1.605853196210150315e+02
1.664586186923675655e+02
1.690653128330929746e+02
1.780158552817539999e+02
1.801879879375441931e+02
1.821133607115430664e+02
1.824760971738417652e+02
1.830608075556229153e+02
