-2.745928996080330080e+02
-1.421414187828069373e+02
-4.309040350165518021e+02
-2.463877308945059497e+02
-3.690722743229668481e+02
-2.767326830339663388e+02
-6.126999021237808165e+02
-3.251030886767198922e+02
-3.662541237657123929e+02
-8.857896139314222239e+01
-1.505300437397667963e+02
-1.415382495243277958e+02
-2.905915666023894914e+02
-3.083788187938296232e+02
-3.085170981450192471e+02
-3.364689922186477133e+02
-2.979926785183517950e+02
-3.365815754736291296e+02
-2.423442562614888516e+02
-1.687827604645536894e+02
-2.266614708059744316e+02
-2.676419045990350014e+02
-1.689200642336939211e+02
-1.154134876014162074e+02
-1.167360018089860461e+02
-2.077720760293554463e+02
-1.276792228057116176e+02
-1.511071076299939762e+02
-1.608243341380452591e+02
-1.608824537795216543e+02
-1.704861350006771659e+02
-2.352631830384368072e+02
-1.163018044121341319e+02
-1.650370787029308701e+02
-1.095200265687548011e+02
-2.582514185920601903e+02
-1.295903472929944655e+02
-1.010418538397867678e+02
-1.120958610668275099e+02
-1.117179858739459632e+02
-2.639015980976360538e+02
-6.758752312362872772e+01
-2.027421824450507160e+01
-1.564938088263956786e+02
-9.332146877493177328e+01
-4.145120578877718458e+02
-2.006169312271425156e+02
-1.793093228406304434e+02
-1.424363332760567289e+02
-2.106215547223920623e+02
-1.506966817606526945e+02
-1.558162361070242241e+02
-1.390162457838510193e+02
-9.109575304429246501e+01
-1.716175691335838849e+02
-9.639725835832231837e+01
-1.023286896223382456e+02
-7.594806625312209292e+01
-1.264306787405534038e+02
-9.045636553442074046e+01
-2.008313489486846493e+02
-8.243793219408813400e+01
-5.406279562346281864e+01
-1.114607231379667809e+02
-1.561785706985249362e+02
-1.582320221770114870e+02
-1.560841008252882318e+02
-2.100856616344755707e+02
-7.742553497020088571e+01
-1.191972236241003316e+02
-8.284809497500525310e+01
-8.142071646459436352e+01
-1.557367174439937685e+02
-1.002264829925851899e+02
-9.973954144047459636e+01
-5.030812804020030171e+02
-1.275932980072026055e+02
-3.562788171660046146e+02
-1.706525676779627929e+02
-5.590738818026333945e+01
-1.106705642260092333e+02
-7.650794445603992244e+01
-8.768599526717927972e+01
-5.454565713554390527e+01
-2.824448245377035391e+02
-3.690675780230035343e+02
-4.240888348949540898e+01
-8.188999215135920906e+01
-9.097023988107768844e+01
-4.197567351619457554e+01
-2.108491740489774031e+02
-8.235699208685711881e+01
-1.764219311201403571e+02
-3.984967567233845784e+02
-1.302654300017483990e+02
-7.416708740597307781e+01
-8.399764876295147076e+01
-7.372693592810951202e+01
-9.600684584152276102e+01
-1.160548714696709425e+02
-1.316604984906358879e+02
-1.477715185021985462e+02
-1.116464725072026880e+02
-7.456326942966241234e+01
-1.352092754395382030e+02
-6.122821653940161468e+01
-4.341917917499451960e+02
-1.453288866499493906e+03
-3.149848647788211338e+02
-3.638558913716418886e+01
-1.089596411003836920e+02
-1.847331676767616386e+02
-1.119097951264173076e+02
-5.906116658771289707e+01
-3.213247539056663982e+02
-2.220809042010016015e+02
-1.527620828223863327e+02
-5.600763704451004088e+01
-3.017957460132782899e+02
-1.233390407175530754e+02
-1.535556507297200710e+02
-2.581716612208664969e+02
-9.794497834979502215e+01
-8.927624647645605194e+01
-8.767848002560387499e+01
-6.978505805149977448e+01
-4.370735827626889147e+01
-7.017352242369392457e+01
-1.170406430329563960e+02
-5.088150608374854755e+01
-2.897308542030709688e+01
-2.415026751433555319e+01
-3.458186658309382722e+01
-2.286205799196846655e+01
-5.155502206586628944e+01
-8.538825280886204894e+01
-4.547896426181007712e+01
-3.831996563333332517e+01
-2.887687402732964301e+02
-7.837739818034958716e+01
-8.100128485001287970e+01
-6.163757803094767951e+01
-3.707809062507072184e+01
-5.621053463432426867e+01
-1.446597158771342428e+01
-1.015737759626066037e+02
-8.164331333827387027e+01
-3.805723909787899828e+01
-6.401932874717881816e+01
-4.617578501280289061e+01
-2.807908454415673560e+01
-2.428479552340540408e+02
-4.432260666111496050e+01
-4.228900997287971109e+01
-3.392011085310841167e+01
-3.536456578746654600e+01
-1.494645315461807300e+01
1.503425867745085576e+01
2.730835140733769251e+01
-4.019716515823203196e+01
-6.194722502888809146e+01
-2.753434574136241508e+01
3.361702735017095378e+00
-1.589047421416924122e+00
7.562241560439979970e+00
-5.020246995807651302e+01
-2.579166320929344280e+01
-3.097069727599738442e+01
-1.699707224611617562e+01
-4.467043266162506399e+01
-3.732313684637523465e+01
-7.025199059122850542e+01
9.576690332163906305e+00
-1.494510066865986708e+01
-7.459498842621485437e+01
-2.534234946788475540e+01
-5.518985828226681889e+01
-3.049878586385333179e+01
-3.042667976562142940e+00
-3.744670929717823071e+01
-6.666879276437562396e+01
-1.697142789432191634e+01
-8.213568180081662717e+01
-1.387382002964748153e+02
4.540352093293549274e+00
-9.236069890021703088e+00
-8.480466964947986241e+00
2.892244296260476233e+01
-1.281152851593330233e+01
-3.587952001596311646e+01
-6.328586371028323221e+00
-1.362559815493104942e+01
-4.019677550403041977e+01
-2.141030446847772595e+01
3.908962733145883384e+00
2.878184245658671614e+01
1.597106337750439664e+01
-4.035169849935227404e+01
-3.274726155859843146e+01
4.832683072001472624e+01
-1.346036753597990732e+01
3.540373832045924729e+01
1.026032377202306378e+01
-3.883537667848974451e+01
-5.256792129709561578e+01
1.207533825189289267e+01
-2.674703715367915535e+01
-2.839261503791049179e+01
-4.572635597686920050e+01
-3.220950739480024083e+01
1.038270218652154142e+01
3.659652581798833459e-01
3.257331977765664277e+01
5.225778768112712669e+01
5.658613553695568044e+01
7.368313686243247673e+01
2.239215750992645440e+02
-7.120541676618680071e+01
1.417151621592149091e+01
-5.101054321189945995e+01
-3.286811921843785740e+02
9.492645584262632497e+01
1.693142687475353227e+02
-3.557031415858078844e+02
-2.242858931378735861e+02
-4.876934348909443173e+01
5.259378497807180253e+01
2.429751485702909974e+02
2.144411213776558043e+02
2.355094934703517708e+02
-2.417439564870566926e+01
1.950133333294307931e+02
2.336361018351788630e+02
2.250121669387240786e+00
2.058227648894265371e+02
2.560749339112496727e+02
2.323760626768709869e+02
2.067102754082730200e+02
1.909001774220910761e+02
2.313412757183269832e+02
-3.219819343150483348e+01
2.180519534938727304e+02
2.582677146324132309e+02
2.216778182798985881e+02
2.615150915519778891e+02
4.402213582326444907e+01
-4.825062840169313461e+01
-1.229875464142457702e+02
-2.726620632381032294e+01
1.642746812208649487e+01
8.885925920557960467e+01
2.143233086122928910e+02
1.096559670450818373e+02
2.398082128020404014e+02
1.066709960307652096e+02
8.570872959717434014e+01
1.641775253868257778e+02
-3.096446261178064674e+02
-6.607458216328014089e+01
2.157027225198571614e+02
2.291651137034972692e+02
-1.929562438247712066e+02
1.882810632568601648e+02
2.618108345306542333e+02
2.462803774502232557e+02
2.309505402309941644e+02
1.815496800789887857e+02
1.799349728574541700e+02
1.671674372355907963e+02
-6.785159283684414788e+01
2.031576494540084354e+01
1.523581129765066180e+02
2.052840152025304405e+02
2.485836177382146559e+02
1.489289387835077036e+02
2.222280085496698803e+02
2.225603986557501912e+02
1.381165232280426380e+02
-2.141670966755976835e+01
2.424260659921525018e+02
2.037265058136733273e+02
2.524861559825457107e+02
-2.188397621840936722e+02
1.802240615909602184e+02
2.154040349150566840e+02
-4.204944080169420886e+02
1.837951662982674463e+02
2.333227356812053017e+02
2.461298811197361545e+02
2.224504750971236717e+02
2.521802728589467506e+02
2.265981455126884612e+02
2.788994963781673846e+02
2.312051267308241336e+02
-2.805100945215241381e+02
2.271947777427571680e+02
2.370110431198661445e+02
2.060035230520076652e+02
1.861824552295628621e+02
2.317538292241128204e+02
2.184908840665009961e+02
-1.327743719622640413e+02
2.335289718283386264e+02
2.437652613925856429e+02
2.616169323143861334e+02
2.401765709469948433e+02
1.745160485227639242e+02
7.677791428807873331e+01
2.447142929808720169e+02
2.448449708507969262e+02
1.952995450050852924e+02
1.779796976792277974e+02
2.635791436028170551e+02
2.278985162164433973e+02
2.308962965545767076e+02
2.525094710441716757e+02
2.513473415345977742e+02
5.927574339438058360e+01
2.536253752717082364e+02
2.137210930975573717e+02
2.379165861467691627e+02
2.162706924009275440e+02
1.995394311453234195e+02
1.086592754492373984e+02
2.818905045991227212e+02
2.417471266388404558e+02
2.531044977527673154e+02
-2.330369720544352958e+02
2.008991829419506132e+02
2.645461114180524191e+02
2.570326590973488123e+02
2.190619839458178149e+02
2.531891206349641834e+02
2.709446276405730032e+02
-8.003644772861693468e+01
2.604374626484899409e+02
2.544145546817675267e+02
2.219844143842246353e+02
2.661306600654208410e+02
2.203041895308956839e+02
2.475190361510339017e+02
1.875880647986571148e+02
2.260520627692127960e+02
-2.388068806785335596e+01
2.146836550963977857e+02
2.350986492429168777e+02
-1.048649446419522349e+02
2.438789287879047265e+02
2.699662207875388162e+02
2.545938306145534966e+02
2.117178692654106271e+02
2.328387882177717358e+02
2.431736601931209236e+02
2.284093892942029527e+02
2.515700497006567673e+02
2.766623565313636277e+02
2.188001322861144331e+02
2.445515441123762628e+02
-2.577120417928625784e+02
2.171154837609168169e+02
2.380194921044270870e+02
2.595037644335076266e+02
2.556521326823011293e+02
2.170766911242880326e+02
2.462688881521049211e+02
2.395007784899907222e+02
2.551870115080482435e+02
2.173236351905866286e+02
2.182774094448063238e+02
2.744181892463963663e+02
2.349362433061249646e+02
2.701346097813430447e+02
2.650016567599241739e+02
2.430962557117879328e+02
2.453028399610055601e+02
2.385539198745335909e+02
1.502455454197871063e+02
2.008392369569804146e+02
2.654514056185064419e+02
2.606931649034410725e+02
2.603340979177231134e+02
2.694637653095279575e+02
-9.177040346734395371e+02
-2.868874897002407351e+02
1.059989287150868336e+02
2.546262746617414336e+02
2.582554161582373808e+02
2.257621952299936652e+02
2.539390419535407659e+02
2.700114790078673650e+02
-7.629023704277594220e+01
-1.784805353616485490e+01
2.103663643079289045e+02
-4.246684670091655107e+02
-6.130405572793942781e+01
-6.562737105085768690e+02
-1.009452746984614180e+01
1.063126479034167460e+00
2.061470981710255614e+02
2.104534058850057932e+02
2.606168413515824795e+02
-1.836493295059826778e+02
-1.522439288033810669e+02
-1.432737749411261916e+02
-1.066568326643270268e+02
2.421641886739809877e+02
2.001296358500198949e+02
8.276079656684425245e+00
1.581201600479403169e+02
2.297802091883758067e+02
2.357843071047742853e+02
-1.236952432230229988e+02
2.098184080180890305e+02
1.922941324414469477e+02
1.249619698152145020e+02
2.577908992223946143e+02
2.075264875108327658e+02
2.252417311625441698e+02
2.214244211965696536e+02
2.013389253584443281e+02
1.904647712790262233e+02
2.313462190227422752e+02
1.739434487350333143e+02
9.717518678842154145e+00
2.523916214630625632e+02
-6.960331931032538932e+01
2.552921108026441743e+02
2.256122215097742014e+02
2.471614925830878065e+02
2.461621136489762875e+02
2.679331412482749215e+02
2.574163535014253057e+02
2.652604169488477623e+02
2.717586779008095164e+02
2.440279406783101024e+02
2.408603126716968745e+02
2.945984928672112346e+02
-2.319304369736446176e+02
2.561328799218621270e+02
2.334449383714273552e+02
2.171149411431547378e+02
2.077389375957803850e+02
1.573624504388089917e+02
2.669564878307249387e+02
2.840704703330131906e+02
2.624647417282151309e+02
1.765014451899647838e+02
2.598457773650010267e+02
2.747784492540185397e+02
-7.270159196930660528e+01
1.975327720190106220e+02
2.031883266807274424e+02
2.128347981845005279e+02
2.663661648271216791e+02
1.823066844984174679e+02
2.458651093981111728e+02
2.432682679066079459e+02
2.142998407749807370e+02
2.736365640504263297e+02
2.028341000205111300e+02
2.624951905847696025e+02
2.322280279002008854e+02
1.727227076079962274e+02
2.638455670815721987e+02
2.634609446264549319e+02
2.068055344289248865e+02
1.900433989231355270e+02
1.996394868758688119e+02
-6.807434085712000638e+01
9.350659400340366290e+01
2.143218770892745226e+02
1.681877488479221938e+02
2.489006221101110725e+02
2.572233074626837492e+02
2.349462129572715980e+02
2.639931367853711208e+02
2.011700349829883407e+02
2.158664539664019344e+02
-2.312968809264560832e+01
2.119522669884223376e+02
1.743669390629965505e+02
2.479410439922538103e+02
2.533718381167030884e+02
1.056741199270922493e+02
2.259594553229522660e+02
2.010773035470923560e+02
2.544307844510509824e+02
1.643200610816499534e+02
2.182096014059693516e+02
2.149731749799435363e+02
1.875311022039477962e+02
1.172723298012191719e+02
2.139713138361566109e+02
1.626614401260895306e+02
1.993653583446046298e+02
2.387805343575292341e+02
2.071187381091650082e+02
1.936004038789213269e+02
2.424207444008963535e+02
2.689244440631200064e+02
