-1.549880676764072689e+02
-1.532344321086226273e+02
-1.516752311016904571e+02
-2.461092669182018540e+02
-2.314070143394084766e+02
-2.256788169317359234e+02
-2.171030071549284060e+02
-2.139834131042039758e+02
-1.941971244780864367e+02
-1.849767687328637180e+02
-1.745861775988123270e+02
-1.711256378664708961e+02
-1.646346443904191403e+02
-1.626729804414195826e+02
-1.562384479387227429e+02
-1.508562852674393469e+02
-1.468632158808725308e+02
-1.477445082132696257e+02
-1.431899428524099847e+02
-1.373848355447867675e+02
-1.344786165960302355e+02
-1.325911517008988767e+02
-1.307489419376228170e+02
-1.304452317519454425e+02
-1.293519933045388370e+02
-1.294460659612311417e+02
-1.270711462144493993e+02
-1.250956817659434535e+02
-1.238917892050632190e+02
-1.375797687830050506e+02
-1.364031344878623315e+02
-1.343217333067661059e+02
-1.322880839459593290e+02
-1.323800027579224832e+02
-1.321358357762044591e+02
-1.314249851490800154e+02
-1.319982477329144501e+02
-1.309108844818678961e+02
-1.319423557990596976e+02
-1.340605807696798308e+02
-1.343102868328425359e+02
-1.383140449485353258e+02
-1.364814296521251151e+02
-1.392124768687063749e+02
-1.425189256227342582e+02
-1.419313826971522303e+02
-1.433989392337943798e+02
-1.424206044609943547e+02
-1.412427921498510841e+02
-1.400052031968073436e+02
-1.386173434934955537e+02
-1.362592099479224146e+02
-1.368576063599444410e+02
-1.376632676420837242e+02
-1.375001825039615539e+02
-1.384762146117531643e+02
-1.385605500095506954e+02
-1.387885318154936272e+02
-1.376837964729449197e+02
-1.367607623456424619e+02
-1.341307166931641746e+02
-1.305700988645266705e+02
-1.311054753666952593e+02
-1.317443866558026286e+02
-1.326981314544096620e+02
-1.321571669608594277e+02
-1.309559405772878904e+02
-1.299748720445790298e+02
-1.285400320876155718e+02
-1.286866028224301886e+02
-1.279954454828036887e+02
-1.277296121561359286e+02
-1.267907578172567611e+02
-1.259943411039622703e+02
-1.226268056835474312e+02
-1.217772814828351216e+02
-1.212518372819624517e+02
-1.176049021784116491e+02
-1.174223159737007478e+02
-1.182894791072533707e+02
-1.171548393165554955e+02
-1.158850495352442067e+02
-1.112861839470887162e+02
-1.101629987254084710e+02
-1.092866822080597871e+02
-1.088926936677642061e+02
-1.083587374759544559e+02
-1.050983248983439324e+02
-1.011639706173878892e+02
-1.014554100222842550e+02
-1.057449775870931745e+02
-1.045121182580480053e+02
-1.037715324297608674e+02
-1.030591969480782097e+02
-1.007355472177988389e+02
-9.744875700596689683e+01
-9.402790994639121891e+01
-9.033113708775162820e+01
-9.005031639631452833e+01
-8.704715138324019108e+01
-8.283566709697377917e+01
-8.283480333226479786e+01
-7.915055650130142340e+01
-7.192303942063875866e+01
-6.819752348903379868e+01
-6.352292948331907496e+01
-5.931220814409023490e+01
-6.026629508220328546e+01
-5.971159287690318962e+01
-5.681517456670681554e+01
-5.414618577520419507e+01
-5.032814083077197154e+01
-4.750880118368377225e+01
-4.407005732242915030e+01
-4.180135351736871030e+01
-4.053001332419963632e+01
-3.922852472270031399e+01
-3.538510939002455302e+01
-3.273756443355370038e+01
-3.297340691090516174e+01
-3.174987091385974480e+01
-3.093716094266434524e+01
-3.022786057147631311e+01
-2.746163490981460242e+01
-2.458988012704514858e+01
-2.199855930465693632e+01
-1.916218994235303086e+01
-1.634653620700975551e+01
-1.391172083801340520e+01
-6.354638470053863841e+00
-2.909700186201511052e+00
-2.104040141623114479e+00
7.226098176519361038e-01
4.038033135502725912e+00
7.789792489055420432e+00
1.080911822448087101e+01
1.504162889642978129e+01
1.796869357608015960e+01
2.199527803710566687e+01
2.622093414963908486e+01
2.972045034954513909e+01
3.489714192523560854e+01
3.759333893057321063e+01
4.283968861261687522e+01
4.813819576148420509e+01
4.819613598582571967e+01
5.340967239566862190e+01
5.652764807265144498e+01
5.869789016296218165e+01
5.683695687487255555e+01
5.574839207172011868e+01
5.852920175018371651e+01
6.259307314633222319e+01
6.608874486004800985e+01
6.934398268335539228e+01
7.067126376566389467e+01
7.449508064436481902e+01
7.867694393006613041e+01
8.151219356877373912e+01
8.499463341291323104e+01
8.635403701071953719e+01
8.801453824777873081e+01
9.090226941070510236e+01
9.477267494977870399e+01
9.933859855954207774e+01
1.012906596218922033e+02
1.040798939595881478e+02
1.071026279669864039e+02
1.097477903027046864e+02
1.132729072834998760e+02
1.140521255106896348e+02
1.173272016903341921e+02
1.200868263711255395e+02
1.229038989099989010e+02
1.244595268200161513e+02
1.274950067880545674e+02
1.307014432219298499e+02
1.315992994632560169e+02
1.348050696149590806e+02
1.338114750907621726e+02
1.364408605766091682e+02
1.388175114458042856e+02
1.386826432407945049e+02
1.403449501434204763e+02
1.425050680654472046e+02
1.422306501420306404e+02
1.454488401478204764e+02
1.462676272707854821e+02
1.460808913565738010e+02
1.496944832667255696e+02
1.571838880023120453e+02
1.600871389461464958e+02
1.629189479511437355e+02
1.660060257776705441e+02
1.672189821566477974e+02
1.667336828794639700e+02
1.669075147104678365e+02
1.666718468388187091e+02
1.699817869427139101e+02
1.703194438516468949e+02
1.678776764887363129e+02
1.717349142358478673e+02
1.720545242968637183e+02
1.726360392016670176e+02
1.730040550844773293e+02
1.726099062107508075e+02
1.686314729556055454e+02
1.741583532539796977e+02
1.765257816736253744e+02
1.727327097169246599e+02
1.731908689977744871e+02
1.710360849829760355e+02
1.715833123780766130e+02
1.717216998987420027e+02
1.722917971695840151e+02
1.739080037275177801e+02
1.755328659541980585e+02
1.762635494392227429e+02
1.771296660717966631e+02
1.804485713548207286e+02
1.827384845052598621e+02
1.852796803825119696e+02
1.851285178058506347e+02
1.860514438918596340e+02
1.870012862092057162e+02
1.885334366127277690e+02
1.885651994122872281e+02
1.895583153222563908e+02
1.900410279557233650e+02
1.902313880258995766e+02
1.893916531355880295e+02
1.919980943909868074e+02
1.924946754808444496e+02
1.930906928194055467e+02
1.931246418045176085e+02
1.937563969711905827e+02
1.936576026831516231e+02
1.944232232221959862e+02
1.945444359909947423e+02
1.949699017495046007e+02
1.954022656072450559e+02
1.962527683928825013e+02
1.961564814022354426e+02
1.957550935899150204e+02
1.958771720607498708e+02
1.974096754399824079e+02
1.964004494495157758e+02
1.967654653042780808e+02
1.973788651140074251e+02
2.001060939029970314e+02
