-1.549880676764072689e+02
-1.514807965408380142e+02
-1.485568290878261450e+02
-5.294113743677360162e+02
-1.725980040242349105e+02
-1.970378298933730719e+02
-1.656481484940833013e+02
-1.921462547491331918e+02
-3.590681546914603928e+01
-1.019935670258591216e+02
-7.068026625829867271e+01
-1.330597008107147872e+02
-8.674272267779798540e+01
-1.371713491044251612e+02
-6.615499290096687446e+01
-7.012384519818903073e+01
-8.297410569580304696e+01
-1.627264778640205236e+02
-6.120776635693628265e+01
-2.708779669994612860e+01
-7.635423762089908450e+01
-9.295438890314079572e+01
-9.022032714554926258e+01
-1.234598974813654308e+02
-1.031142705667803767e+02
-1.317978823785388727e+02
-6.532323279812392514e+01
-7.175814165628302987e+01
-9.018279750041644149e+01
-5.345311765433179971e+02
-1.011041056335803887e+02
-6.979829669278493043e+01
-6.721130440014214003e+01
-1.354133235527056058e+02
-1.238341583977913700e+02
-1.065452131997241452e+02
-1.526357007509539585e+02
-9.067844419314545235e+01
-1.711382658523476152e+02
-2.166713546238664208e+02
-1.442985293593501126e+02
-3.024681276919397988e+02
-5.951158720289674875e+01
-2.566475071817000071e+02
-2.880026707999610380e+02
-1.154919510459605192e+02
-2.109065399193334542e+02
-9.643887013939419717e+01
-8.470780121497389814e+01
-7.936334449766378896e+01
-6.922435832790607435e+01
-1.599439912369273209e+01
-1.679742197850903835e+02
-1.803633155954652807e+02
-1.286935850453653529e+02
-1.921579805402896000e+02
-1.432833322862125272e+02
-1.517834947542417297e+02
-7.360914660511909346e+01
-8.230174883479750747e+01
2.367202245553266948e+01
8.662758868236085164e+01
-1.642988185011465134e+02
-1.719957978695686336e+02
-1.937377985652593395e+02
-9.699447488009417384e+01
-5.167499926156558843e+01
-6.424328035308603546e+01
-3.097091501410042724e+01
-1.387999835246366160e+02
-7.961443170894938248e+01
-1.088554459627260940e+02
-5.919324541795624128e+01
-6.785592103346419890e+01
1.265708154271505066e+02
-5.806296642941223496e+01
-8.131807801564077920e+01
1.632091007950007224e+02
-1.031805920062502508e+02
-1.867953666579109324e+02
-2.638365606072458291e+01
-1.303207724903099241e+01
2.658207942816624154e+02
-1.693862532594971171e+01
-3.567609475077043868e+01
-7.540366774263888772e+01
-6.243850498031677887e+01
1.785575693537741699e+02
2.450592061067440852e+02
-1.273935170580607092e+02
-4.918060584198950096e+02
7.678080685062321997e+00
-3.563763622734382608e+01
-3.681199715159185359e+01
1.176875274284631274e+02
2.147963131180657967e+02
2.343734077728734064e+02
2.682558302002898358e+02
-6.252988863548004872e+01
2.102661849111198364e+02
2.661603609502336667e+02
-1.513944200699390308e+02
2.198678540085114150e+02
1.933403336985284682e+02
1.999535891362615416e+02
2.704215706781000108e+02
2.554239854287996820e+02
-2.875549485604385609e+02
1.956340506086388586e+01
1.876482639937765384e+02
1.962186128919639714e+02
2.487447936325082765e+02
1.951912420310217158e+02
2.067030370210376304e+02
1.607153876050771828e+02
5.701017411871742269e+01
4.717475445412929957e+01
2.216150554035556297e+02
2.035467292901484484e+02
-5.067204443509245948e+01
4.599936208364286472e+01
-1.168339178360089470e+01
-1.929029002674525017e+01
1.531626686848058227e+02
1.840612077101644672e+02
1.273341998602825100e+02
2.183137034322669763e+02
2.098072318780445187e+02
1.532987393992183058e+02
2.211770602526365792e+02
2.433897227516545172e+02
1.076770776505452076e+01
2.154536915273631621e+02
1.961290082323732804e+02
2.513417769574781744e+02
1.953873603428207844e+02
2.706153664439370914e+02
2.020280237718922649e+02
2.315201802502031683e+02
2.058942566294751657e+02
2.056530906312558784e+02
2.152010298771063219e+02
2.101081133308633184e+02
2.679874610226653431e+02
2.418480440867729158e+02
-1.096979286118087202e+02
3.104471010649567120e+02
2.153586975588877976e+02
1.323164078160999111e+02
-2.654566733066259303e+02
-1.780808386431502583e+02
2.620865687226680620e+02
2.384129198297596872e+02
1.692038557761130733e+02
1.968301972853745667e+02
-5.942987230944073218e+01
2.390983555838795382e+02
2.664028338158902898e+02
2.099158172656416639e+02
2.659422355791501218e+02
1.596123822361623468e+02
2.526777123882827141e+02
1.244742977914899029e+02
2.150447560377898810e+02
2.628545624110820427e+02
9.821163135491372032e+01
2.272484345080317780e+02
2.380301203867383322e+02
2.335453185577304396e+02
2.137117145548791655e+02
-1.692608989971234212e+00
2.186521720017272514e+02
2.167692226611787873e+02
2.138513328538725489e+02
2.821336064288764760e+02
2.454850303744295275e+02
2.393255653718873930e+02
2.529947249276154366e+02
2.173964231640562161e+02
-2.861548190776029514e+02
2.365548925239744165e+02
2.246330096704841139e+02
2.523339737806834933e+02
1.492920649366484724e+02
1.803356974519001881e+02
-1.028454600842927391e+02
2.593804955986633445e+02
2.604362816502780902e+02
2.263856146855746374e+02
2.339656739571176445e+02
2.571344151387532975e+02
2.980031750685085399e+02
2.475432642723777974e+02
2.718957855010919502e+02
2.389831653261852011e+02
1.662663853996839975e+02
2.517565908732579771e+02
2.446890430353828947e+02
2.684641217540377625e+02
2.440318758044187746e+02
2.198362465917359998e+01
2.343293546412151898e+02
2.518288601100924495e+02
2.514918241788566888e+02
2.367551774172953003e+02
2.310066833054479503e+02
-1.424193400857272991e+02
2.651330812769761565e+02
2.563062470254375285e+02
-1.916589316763034105e+02
2.420345409769534228e+02
3.326639215266058613e+01
2.499139815410803465e+02
2.205417890875745854e+02
2.177251146892795646e+02
2.186308299120926222e+02
2.096609771221600340e+02
2.946834039060253190e+02
2.901583925475429169e+02
2.812184838673132390e+02
2.749906771275574329e+02
2.424361959416143009e+02
-3.440654769288023829e+01
2.454552772857015555e+02
2.790454394447738196e+02
2.805492402124883711e+02
2.214899833882105042e+02
3.091188228749613245e+02
2.015700027459153603e+02
2.402130672702556922e+02
1.594162337204999176e+02
2.714118333049295302e+02
2.651118005131298787e+02
2.557307420884861529e+02
2.547366754686791808e+02
2.585628770101228611e+02
2.607359376400420388e+02
2.785900776763292015e+02
2.436414571300826140e+02
2.484408324804528263e+02
2.488894764053075619e+02
3.002513084408474811e+02
2.004794142661543788e+02
2.278486797906242600e+02
2.540558911702611624e+02
4.355240931144635397e+01
2.095245020182917983e+02
2.518602830351140938e+02
1.936563887890343096e+02
7.266205592331857588e+00
